Problem Size, Plan Length, Total Time
20, 52, 104, 0.0034089088439941406
20, 56, 112, 0.007544517517089844
20, 48, 96, 0.002504587173461914
20, 42, 84, 0.002462625503540039
20, 56, 112, 0.0038497447967529297
20, 52, 104, 0.0028333663940429688
20, 40, 80, 0.002269268035888672
20, 68, 136, 0.003863811492919922
20, 52, 104, 0.0027151107788085938
20, 56, 112, 0.0031223297119140625
20, 58, 116, 0.0033288002014160156
20, 60, 120, 0.0032486915588378906
20, 58, 116, 0.003223419189453125
20, 50, 100, 0.002686738967895508
20, 40, 80, 0.0021126270294189453
20, 62, 124, 0.003375530242919922
20, 62, 124, 0.0034873485565185547
20, 66, 132, 0.005724906921386719
20, 60, 120, 0.0032181739807128906
20, 56, 112, 0.0030422210693359375
20, 56, 112, 0.003358602523803711
20, 50, 100, 0.002779245376586914
20, 54, 108, 0.0030465126037597656
20, 48, 96, 0.0024852752685546875
20, 60, 120, 0.003459453582763672
20, 50, 100, 0.00264739990234375
20, 52, 104, 0.002775907516479492
20, 46, 92, 0.0024650096893310547
20, 58, 116, 0.009225130081176758
20, 56, 112, 0.003242969512939453
20, 54, 108, 0.0031969547271728516
20, 58, 116, 0.0031511783599853516
20, 60, 120, 0.003193378448486328
20, 60, 120, 0.0033621788024902344
20, 56, 112, 0.0031599998474121094
20, 52, 104, 0.002766847610473633
20, 56, 112, 0.003048419952392578
20, 60, 120, 0.003458738327026367
20, 46, 92, 0.006793498992919922
20, 64, 128, 0.0036919116973876953
20, 64, 128, 0.0035948753356933594
20, 48, 96, 0.0026297569274902344
20, 44, 88, 0.0022699832916259766
20, 46, 92, 0.0025780200958251953
20, 70, 140, 0.004055023193359375
20, 58, 116, 0.003200054168701172
20, 48, 96, 0.002567291259765625
20, 62, 124, 0.0033485889434814453
20, 42, 84, 0.0022115707397460938
20, 52, 104, 0.006296873092651367
20, 58, 116, 0.003180980682373047
20, 62, 124, 0.003450155258178711
20, 34, 68, 0.001959562301635742
20, 50, 100, 0.002773284912109375
20, 50, 100, 0.002583742141723633
20, 54, 108, 0.0029230117797851562
20, 62, 124, 0.0035376548767089844
20, 56, 112, 0.0028336048126220703
20, 56, 112, 0.0030384063720703125
20, 46, 92, 0.002456188201904297
20, 50, 100, 0.004409313201904297
20, 48, 96, 0.003432750701904297
20, 54, 108, 0.005085945129394531
20, 52, 104, 0.0039708614349365234
20, 34, 68, 0.0017673969268798828
20, 46, 92, 0.002334117889404297
20, 50, 100, 0.00252532958984375
20, 58, 116, 0.003168344497680664
20, 66, 132, 0.003985166549682617
20, 56, 112, 0.0032317638397216797
20, 56, 112, 0.004100322723388672
20, 56, 112, 0.002835512161254883
20, 56, 112, 0.002875089645385742
20, 50, 100, 0.0045049190521240234
20, 48, 96, 0.0044825077056884766
20, 56, 112, 0.003815174102783203
20, 56, 112, 0.003075838088989258
20, 74, 148, 0.004552364349365234
20, 64, 128, 0.0033767223358154297
20, 56, 112, 0.012154817581176758
20, 56, 112, 0.0029485225677490234
20, 48, 96, 0.004323244094848633
20, 54, 108, 0.0051043033599853516
20, 56, 112, 0.0034029483795166016
20, 58, 116, 0.0033292770385742188
20, 52, 104, 0.0031414031982421875
20, 54, 108, 0.002798795700073242
20, 62, 124, 0.0032601356506347656
20, 60, 120, 0.004737377166748047
20, 68, 136, 0.0036325454711914062
20, 56, 112, 0.0028886795043945312
20, 52, 104, 0.0033822059631347656
20, 50, 100, 0.003297090530395508
20, 58, 116, 0.0035393238067626953
20, 62, 124, 0.0033202171325683594
20, 66, 132, 0.0034818649291992188
20, 66, 132, 0.0034742355346679688
20, 50, 100, 0.004897117614746094
20, 54, 108, 0.002862691879272461
20, 64, 128, 0.0033349990844726562
21, 50, 100, 0.0026197433471679688
21, 44, 88, 0.0022890567779541016
21, 60, 120, 0.003343343734741211
21, 66, 132, 0.0060689449310302734
21, 64, 128, 0.006177663803100586
21, 62, 124, 0.004367828369140625
21, 56, 112, 0.003607034683227539
21, 56, 112, 0.0029625892639160156
21, 52, 104, 0.002742767333984375
21, 68, 136, 0.0037331581115722656
21, 44, 88, 0.0023157596588134766
21, 60, 120, 0.0031995773315429688
21, 60, 120, 0.0032024383544921875
21, 66, 132, 0.0039539337158203125
21, 46, 92, 0.0025625228881835938
21, 52, 104, 0.004473686218261719
21, 64, 128, 0.003480195999145508
21, 60, 120, 0.0033714771270751953
21, 62, 124, 0.0037343502044677734
21, 64, 128, 0.0034742355346679688
21, 58, 116, 0.003123760223388672
21, 58, 116, 0.003248453140258789
21, 44, 88, 0.002381563186645508
21, 38, 76, 0.0021486282348632812
21, 36, 72, 0.0020465850830078125
21, 58, 116, 0.005400419235229492
21, 66, 132, 0.0037140846252441406
21, 72, 144, 0.004217386245727539
21, 60, 120, 0.0033736228942871094
21, 68, 136, 0.004734516143798828
21, 62, 124, 0.003529787063598633
21, 62, 124, 0.0034646987915039062
21, 60, 120, 0.0032138824462890625
21, 56, 112, 0.003122568130493164
21, 48, 96, 0.006338357925415039
21, 60, 120, 0.003884553909301758
21, 62, 124, 0.003482341766357422
21, 56, 112, 0.0030367374420166016
21, 56, 112, 0.0029430389404296875
21, 60, 120, 0.00324249267578125
21, 60, 120, 0.0040416717529296875
21, 62, 124, 0.0033805370330810547
21, 60, 120, 0.003163576126098633
21, 70, 140, 0.003757476806640625
21, 60, 120, 0.011000633239746094
21, 62, 124, 0.00362396240234375
21, 58, 116, 0.0033621788024902344
21, 58, 116, 0.0032091140747070312
21, 58, 116, 0.0033283233642578125
21, 60, 120, 0.0034637451171875
21, 64, 128, 0.004439353942871094
21, 36, 72, 0.003481149673461914
21, 62, 124, 0.0060160160064697266
21, 52, 104, 0.003455638885498047
21, 68, 136, 0.004552602767944336
21, 64, 128, 0.00438690185546875
21, 66, 132, 0.004586935043334961
21, 54, 108, 0.003509521484375
21, 60, 120, 0.0038046836853027344
21, 58, 116, 0.0031130313873291016
21, 62, 124, 0.005859851837158203
21, 66, 132, 0.0035676956176757812
21, 52, 104, 0.002882242202758789
21, 40, 80, 0.0025131702423095703
21, 64, 128, 0.004436969757080078
21, 60, 120, 0.003951311111450195
21, 56, 112, 0.0037610530853271484
21, 56, 112, 0.003702402114868164
21, 56, 112, 0.004693269729614258
21, 52, 104, 0.005984067916870117
21, 46, 92, 0.0030252933502197266
21, 52, 104, 0.0034067630767822266
21, 62, 124, 0.004013538360595703
21, 68, 136, 0.003732919692993164
21, 50, 100, 0.002704143524169922
21, 62, 124, 0.003345012664794922
21, 62, 124, 0.0033462047576904297
21, 42, 84, 0.002793550491333008
21, 54, 108, 0.004824161529541016
21, 52, 104, 0.013622283935546875
21, 60, 120, 0.004090070724487305
21, 60, 120, 0.0039174556732177734
21, 56, 112, 0.0036792755126953125
21, 58, 116, 0.0036122798919677734
21, 58, 116, 0.0031936168670654297
21, 54, 108, 0.0029621124267578125
21, 62, 124, 0.0034265518188476562
21, 50, 100, 0.0026776790618896484
21, 66, 132, 0.005686521530151367
21, 50, 100, 0.004253387451171875
21, 54, 108, 0.004599809646606445
21, 66, 132, 0.0036971569061279297
21, 62, 124, 0.003576517105102539
21, 56, 112, 0.003345012664794922
21, 62, 124, 0.0035331249237060547
21, 68, 136, 0.003820657730102539
21, 66, 132, 0.0039825439453125
21, 58, 116, 0.006367683410644531
21, 46, 92, 0.002814054489135742
21, 60, 120, 0.003473997116088867
22, 64, 128, 0.003972768783569336
22, 58, 116, 0.0033736228942871094
22, 68, 136, 0.004100322723388672
22, 68, 136, 0.004053592681884766
22, 66, 132, 0.0037381649017333984
22, 64, 128, 0.005362987518310547
22, 66, 132, 0.0038449764251708984
22, 56, 112, 0.003139495849609375
22, 58, 116, 0.0031757354736328125
22, 48, 96, 0.0026319026947021484
22, 68, 136, 0.004805803298950195
22, 64, 128, 0.0037076473236083984
22, 60, 120, 0.003361940383911133
22, 42, 84, 0.0023577213287353516
22, 56, 112, 0.0030357837677001953
22, 70, 140, 0.005482912063598633
22, 68, 136, 0.003907918930053711
22, 66, 132, 0.0037479400634765625
22, 64, 128, 0.003551959991455078
22, 64, 128, 0.003539562225341797
22, 76, 152, 0.005017518997192383
22, 68, 136, 0.006811380386352539
22, 70, 140, 0.005507230758666992
22, 64, 128, 0.003551006317138672
22, 62, 124, 0.003480672836303711
22, 60, 120, 0.003346681594848633
22, 74, 148, 0.004173994064331055
22, 60, 120, 0.0034182071685791016
22, 74, 148, 0.004090785980224609
22, 60, 120, 0.003899097442626953
22, 46, 92, 0.004542112350463867
22, 66, 132, 0.012694835662841797
22, 58, 116, 0.0031919479370117188
22, 48, 96, 0.0026378631591796875
22, 52, 104, 0.0028362274169921875
22, 74, 148, 0.004103422164916992
22, 70, 140, 0.003850221633911133
22, 62, 124, 0.003482818603515625
22, 68, 136, 0.006569623947143555
22, 66, 132, 0.005308389663696289
22, 66, 132, 0.003762483596801758
22, 60, 120, 0.0033431053161621094
22, 62, 124, 0.003499269485473633
22, 64, 128, 0.003505706787109375
22, 54, 108, 0.0029268264770507812
22, 66, 132, 0.0035924911499023438
22, 50, 100, 0.002654552459716797
22, 72, 144, 0.004670858383178711
22, 62, 124, 0.006151914596557617
22, 66, 132, 0.004366636276245117
22, 60, 120, 0.0033919811248779297
22, 76, 152, 0.004232645034790039
22, 62, 124, 0.003448963165283203
22, 66, 132, 0.0036203861236572266
22, 56, 112, 0.0032024383544921875
22, 60, 120, 0.0033445358276367188
22, 72, 144, 0.003958463668823242
22, 72, 144, 0.007598876953125
22, 66, 132, 0.004867076873779297
22, 56, 112, 0.003098726272583008
22, 70, 140, 0.00390934944152832
22, 60, 120, 0.0033416748046875
22, 68, 136, 0.0037827491760253906
22, 68, 136, 0.0037741661071777344
22, 56, 112, 0.00305938720703125
22, 68, 136, 0.005035400390625
22, 66, 132, 0.004582643508911133
22, 66, 132, 0.0036652088165283203
22, 64, 128, 0.0034334659576416016
22, 38, 76, 0.0021123886108398438
22, 76, 152, 0.004300117492675781
22, 58, 116, 0.0031881332397460938
22, 54, 108, 0.002989053726196289
22, 58, 116, 0.003136873245239258
22, 64, 128, 0.0035903453826904297
22, 68, 136, 0.005624294281005859
22, 62, 124, 0.003429889678955078
22, 66, 132, 0.0063402652740478516
22, 56, 112, 0.004820108413696289
22, 52, 104, 0.002859830856323242
22, 50, 100, 0.002672910690307617
22, 68, 136, 0.0037872791290283203
22, 62, 124, 0.0035097599029541016
22, 62, 124, 0.01209712028503418
22, 60, 120, 0.0038299560546875
22, 62, 124, 0.0059909820556640625
22, 52, 104, 0.0038340091705322266
22, 60, 120, 0.003317117691040039
22, 52, 104, 0.002916097640991211
22, 62, 124, 0.0034329891204833984
22, 60, 120, 0.003300189971923828
22, 70, 140, 0.0038535594940185547
22, 62, 124, 0.0046956539154052734
22, 66, 132, 0.0036122798919677734
22, 62, 124, 0.004339456558227539
22, 54, 108, 0.005049228668212891
22, 58, 116, 0.003246307373046875
22, 66, 132, 0.0036754608154296875
22, 62, 124, 0.003654956817626953
22, 60, 120, 0.0032782554626464844
23, 64, 128, 0.0055713653564453125
23, 60, 120, 0.003407001495361328
23, 68, 136, 0.003849029541015625
23, 70, 140, 0.00395655632019043
23, 52, 104, 0.004193305969238281
23, 70, 140, 0.006699562072753906
23, 74, 148, 0.004260540008544922
23, 84, 168, 0.006124973297119141
23, 70, 140, 0.005203962326049805
23, 70, 140, 0.004188060760498047
23, 66, 132, 0.003726959228515625
23, 70, 140, 0.004079341888427734
23, 66, 132, 0.003928184509277344
23, 74, 148, 0.004518985748291016
23, 64, 128, 0.0053174495697021484
23, 74, 148, 0.010756969451904297
23, 70, 140, 0.005514383316040039
23, 68, 136, 0.0041773319244384766
23, 66, 132, 0.0038814544677734375
23, 60, 120, 0.003390789031982422
23, 68, 136, 0.003895998001098633
23, 76, 152, 0.004532337188720703
23, 64, 128, 0.004597187042236328
23, 70, 140, 0.003954172134399414
23, 62, 124, 0.003538846969604492
23, 56, 112, 0.0031697750091552734
23, 50, 100, 0.0027594566345214844
23, 68, 136, 0.003909587860107422
23, 46, 92, 0.002531766891479492
23, 54, 108, 0.0030100345611572266
23, 62, 124, 0.0035927295684814453
23, 72, 144, 0.00835871696472168
23, 62, 124, 0.003530740737915039
23, 64, 128, 0.004532337188720703
23, 66, 132, 0.004485130310058594
23, 76, 152, 0.004499197006225586
23, 72, 144, 0.004405498504638672
23, 70, 140, 0.004076242446899414
23, 66, 132, 0.003787517547607422
23, 70, 140, 0.009332418441772461
23, 70, 140, 0.0042726993560791016
23, 58, 116, 0.003347158432006836
23, 74, 148, 0.004256010055541992
23, 60, 120, 0.0032775402069091797
23, 62, 124, 0.003620147705078125
23, 62, 124, 0.003459930419921875
23, 66, 132, 0.0037147998809814453
23, 56, 112, 0.0031828880310058594
23, 54, 108, 0.007431745529174805
23, 68, 136, 0.003922700881958008
23, 72, 144, 0.004124641418457031
23, 52, 104, 0.0034155845642089844
23, 68, 136, 0.004233360290527344
23, 66, 132, 0.0036101341247558594
23, 64, 128, 0.0036034584045410156
23, 54, 108, 0.002921581268310547
23, 70, 140, 0.003865480422973633
23, 70, 140, 0.006453514099121094
23, 62, 124, 0.0035126209259033203
23, 66, 132, 0.00442957878112793
23, 58, 116, 0.0033333301544189453
23, 64, 128, 0.003514528274536133
23, 60, 120, 0.0033919811248779297
23, 60, 120, 0.0037689208984375
23, 66, 132, 0.00400090217590332
23, 70, 140, 0.0055234432220458984
23, 62, 124, 0.0036773681640625
23, 56, 112, 0.003827810287475586
23, 72, 144, 0.004354238510131836
23, 48, 96, 0.0027604103088378906
23, 68, 136, 0.0038995742797851562
23, 48, 96, 0.002954721450805664
23, 66, 132, 0.0043048858642578125
23, 64, 128, 0.003606081008911133
23, 62, 124, 0.013960838317871094
23, 68, 136, 0.0042421817779541016
23, 60, 120, 0.003365755081176758
23, 60, 120, 0.003473997116088867
23, 46, 92, 0.0026314258575439453
23, 44, 88, 0.002523183822631836
23, 72, 144, 0.004485368728637695
23, 64, 128, 0.003789663314819336
23, 64, 128, 0.00412440299987793
23, 60, 120, 0.004311323165893555
23, 68, 136, 0.004020214080810547
23, 70, 140, 0.0043888092041015625
23, 70, 140, 0.004753828048706055
23, 60, 120, 0.0035333633422851562
23, 68, 136, 0.003941059112548828
23, 58, 116, 0.003356456756591797
23, 66, 132, 0.004451751708984375
23, 56, 112, 0.0050737857818603516
23, 76, 152, 0.004279136657714844
23, 54, 108, 0.0030994415283203125
23, 70, 140, 0.004930973052978516
23, 62, 124, 0.0037534236907958984
23, 70, 140, 0.004050016403198242
23, 56, 112, 0.0034322738647460938
23, 60, 120, 0.003583669662475586
23, 74, 148, 0.005897045135498047
24, 70, 140, 0.0041332244873046875
24, 72, 144, 0.004541158676147461
24, 56, 112, 0.0038483142852783203
24, 68, 136, 0.004422426223754883
24, 74, 148, 0.00413966178894043
24, 62, 124, 0.0040285587310791016
24, 56, 112, 0.003499746322631836
24, 70, 140, 0.006035327911376953
24, 60, 120, 0.003536701202392578
24, 70, 140, 0.0040187835693359375
24, 76, 152, 0.0045511722564697266
24, 82, 164, 0.004626035690307617
24, 74, 148, 0.004946231842041016
24, 80, 160, 0.004850149154663086
24, 72, 144, 0.005542755126953125
24, 64, 128, 0.0038247108459472656
24, 68, 136, 0.003926515579223633
24, 74, 148, 0.004528522491455078
24, 70, 140, 0.004159450531005859
24, 80, 160, 0.004766941070556641
24, 68, 136, 0.004030942916870117
24, 72, 144, 0.004353046417236328
24, 76, 152, 0.014925479888916016
24, 52, 104, 0.003062725067138672
24, 64, 128, 0.0037696361541748047
24, 68, 136, 0.003693103790283203
24, 54, 108, 0.0031270980834960938
24, 74, 148, 0.004099607467651367
24, 74, 148, 0.004509687423706055
24, 72, 144, 0.004332780838012695
24, 66, 132, 0.006962776184082031
24, 76, 152, 0.004320859909057617
24, 66, 132, 0.0046749114990234375
24, 64, 128, 0.0037755966186523438
24, 64, 128, 0.003587484359741211
24, 52, 104, 0.002851247787475586
24, 66, 132, 0.003996372222900391
24, 66, 132, 0.0044786930084228516
24, 58, 116, 0.006197929382324219
24, 76, 152, 0.004418373107910156
24, 78, 156, 0.005154609680175781
24, 62, 124, 0.0035965442657470703
24, 70, 140, 0.0040187835693359375
24, 70, 140, 0.0041964054107666016
24, 62, 124, 0.0036046504974365234
24, 70, 140, 0.004148721694946289
24, 70, 140, 0.005753755569458008
24, 64, 128, 0.0038957595825195312
24, 76, 152, 0.004962921142578125
24, 68, 136, 0.003882169723510742
24, 64, 128, 0.0036940574645996094
24, 56, 112, 0.004058122634887695
24, 72, 144, 0.0042264461517333984
24, 64, 128, 0.003653287887573242
24, 50, 100, 0.004182577133178711
24, 68, 136, 0.0045850276947021484
24, 78, 156, 0.0048410892486572266
24, 74, 148, 0.0043222904205322266
24, 72, 144, 0.004275798797607422
24, 66, 132, 0.0038764476776123047
24, 68, 136, 0.003885507583618164
24, 58, 116, 0.0032749176025390625
24, 58, 116, 0.0049250125885009766
24, 74, 148, 0.004672050476074219
24, 66, 132, 0.0037775039672851562
24, 74, 148, 0.004320859909057617
24, 72, 144, 0.004156351089477539
24, 74, 148, 0.004294395446777344
24, 68, 136, 0.003912448883056641
24, 70, 140, 0.00789642333984375
24, 70, 140, 0.009069681167602539
24, 62, 124, 0.0035736560821533203
24, 72, 144, 0.004866123199462891
24, 64, 128, 0.0037603378295898438
24, 68, 136, 0.003923654556274414
24, 76, 152, 0.004466533660888672
24, 72, 144, 0.004195213317871094
24, 68, 136, 0.003894805908203125
24, 74, 148, 0.005576372146606445
24, 56, 112, 0.003272533416748047
24, 70, 140, 0.0049533843994140625
24, 68, 136, 0.00401759147644043
24, 70, 140, 0.0040283203125
24, 70, 140, 0.004003286361694336
24, 64, 128, 0.0036482810974121094
24, 62, 124, 0.003575563430786133
24, 60, 120, 0.0047550201416015625
24, 64, 128, 0.0035789012908935547
24, 70, 140, 0.003916740417480469
24, 48, 96, 0.002788543701171875
24, 70, 140, 0.004072427749633789
24, 62, 124, 0.0034775733947753906
24, 78, 156, 0.004544496536254883
24, 68, 136, 0.0038421154022216797
24, 70, 140, 0.004041910171508789
24, 60, 120, 0.005048274993896484
24, 64, 128, 0.0036802291870117188
24, 64, 128, 0.00362396240234375
24, 56, 112, 0.0031735897064208984
24, 70, 140, 0.004003286361694336
25, 76, 152, 0.004518747329711914
25, 76, 152, 0.004529714584350586
25, 76, 152, 0.0044727325439453125
25, 76, 152, 0.0062334537506103516
25, 60, 120, 0.003597259521484375
25, 68, 136, 0.003945589065551758
25, 68, 136, 0.0039615631103515625
25, 78, 156, 0.004616737365722656
25, 68, 136, 0.004093170166015625
25, 76, 152, 0.004540920257568359
25, 76, 152, 0.00447392463684082
25, 74, 148, 0.0059354305267333984
25, 66, 132, 0.0038492679595947266
25, 76, 152, 0.004448890686035156
25, 76, 152, 0.004547834396362305
25, 74, 148, 0.0042688846588134766
25, 72, 144, 0.0042002201080322266
25, 72, 144, 0.004204750061035156
25, 66, 132, 0.01414632797241211
25, 74, 148, 0.004304170608520508
25, 74, 148, 0.004339933395385742
25, 66, 132, 0.003949165344238281
25, 76, 152, 0.004405975341796875
25, 70, 140, 0.004004478454589844
25, 72, 144, 0.004265546798706055
25, 74, 148, 0.00437164306640625
25, 74, 148, 0.005846500396728516
25, 64, 128, 0.003809213638305664
25, 62, 124, 0.003625154495239258
25, 80, 160, 0.004689931869506836
25, 60, 120, 0.003434419631958008
25, 66, 132, 0.0037949085235595703
25, 76, 152, 0.004282951354980469
25, 58, 116, 0.0034651756286621094
25, 68, 136, 0.005555868148803711
25, 76, 152, 0.004586696624755859
25, 72, 144, 0.004313230514526367
25, 74, 148, 0.004253864288330078
25, 64, 128, 0.003755331039428711
25, 74, 148, 0.004407644271850586
25, 66, 132, 0.0038170814514160156
25, 76, 152, 0.004316091537475586
25, 76, 152, 0.00637364387512207
25, 80, 160, 0.004765748977661133
25, 76, 152, 0.004289388656616211
25, 72, 144, 0.004133701324462891
25, 68, 136, 0.0039310455322265625
25, 68, 136, 0.003957986831665039
25, 60, 120, 0.003440380096435547
25, 76, 152, 0.00446009635925293
25, 66, 132, 0.0058650970458984375
25, 72, 144, 0.004170417785644531
25, 74, 148, 0.0042972564697265625
25, 84, 168, 0.004989147186279297
25, 70, 140, 0.004132747650146484
25, 64, 128, 0.0037565231323242188
25, 62, 124, 0.0035262107849121094
25, 82, 164, 0.013559579849243164
25, 74, 148, 0.004422664642333984
25, 68, 136, 0.004121065139770508
25, 70, 140, 0.0042111873626708984
25, 62, 124, 0.003695964813232422
25, 66, 132, 0.0038509368896484375
25, 76, 152, 0.0044727325439453125
25, 60, 120, 0.0034682750701904297
25, 66, 132, 0.005116939544677734
25, 68, 136, 0.003923892974853516
25, 54, 108, 0.003189563751220703
25, 60, 120, 0.0035691261291503906
25, 68, 136, 0.003973960876464844
25, 78, 156, 0.004535198211669922
25, 90, 180, 0.005441427230834961
25, 76, 152, 0.004531145095825195
25, 82, 164, 0.006920576095581055
25, 72, 144, 0.004266023635864258
25, 62, 124, 0.0037031173706054688
25, 76, 152, 0.004446268081665039
25, 72, 144, 0.004174709320068359
25, 80, 160, 0.0046656131744384766
25, 64, 128, 0.0037729740142822266
25, 58, 116, 0.0032906532287597656
25, 74, 148, 0.005896329879760742
25, 56, 112, 0.003224611282348633
25, 82, 164, 0.00481104850769043
25, 76, 152, 0.004425048828125
25, 66, 132, 0.003928422927856445
25, 74, 148, 0.00438380241394043
25, 64, 128, 0.003704547882080078
25, 74, 148, 0.004259586334228516
25, 60, 120, 0.005621910095214844
25, 84, 168, 0.005080699920654297
25, 70, 140, 0.004035234451293945
25, 66, 132, 0.0039522647857666016
25, 72, 144, 0.004367828369140625
25, 74, 148, 0.004349708557128906
25, 64, 128, 0.003721952438354492
25, 56, 112, 0.0032215118408203125
25, 60, 120, 0.012490272521972656
25, 68, 136, 0.003934144973754883
25, 78, 156, 0.004462242126464844
26, 56, 112, 0.0032968521118164062
26, 74, 148, 0.0044133663177490234
26, 68, 136, 0.004127025604248047
26, 66, 132, 0.0038216114044189453
26, 72, 144, 0.004216432571411133
26, 84, 168, 0.0064351558685302734
26, 72, 144, 0.004207611083984375
26, 72, 144, 0.007063150405883789
26, 76, 152, 0.004395484924316406
26, 68, 136, 0.004110574722290039
26, 58, 116, 0.003556489944458008
26, 78, 156, 0.004628896713256836
26, 72, 144, 0.0054247379302978516
26, 72, 144, 0.004429340362548828
26, 74, 148, 0.004385232925415039
26, 64, 128, 0.0037300586700439453
26, 72, 144, 0.004228353500366211
26, 74, 148, 0.004374265670776367
26, 70, 140, 0.0043201446533203125
26, 78, 156, 0.007945775985717773
26, 74, 148, 0.004650592803955078
26, 80, 160, 0.004801034927368164
26, 78, 156, 0.004593849182128906
26, 76, 152, 0.004642963409423828
26, 64, 128, 0.0038080215454101562
26, 84, 168, 0.004937410354614258
26, 68, 136, 0.004183530807495117
26, 72, 144, 0.010610580444335938
26, 72, 144, 0.004225730895996094
26, 70, 140, 0.004118204116821289
26, 80, 160, 0.004651308059692383
26, 76, 152, 0.004456520080566406
26, 72, 144, 0.0042874813079833984
26, 86, 172, 0.0053713321685791016
26, 68, 136, 0.007914543151855469
26, 80, 160, 0.00502777099609375
26, 64, 128, 0.0038537979125976562
26, 84, 168, 0.0050356388092041016
26, 86, 172, 0.0052297115325927734
26, 68, 136, 0.004190921783447266
26, 78, 156, 0.004732847213745117
26, 70, 140, 0.0068187713623046875
26, 74, 148, 0.004678964614868164
26, 66, 132, 0.003945827484130859
26, 70, 140, 0.00419926643371582
26, 68, 136, 0.004078865051269531
26, 74, 148, 0.004528522491455078
26, 58, 116, 0.003579854965209961
26, 78, 156, 0.014615774154663086
26, 50, 100, 0.0031585693359375
26, 82, 164, 0.005097866058349609
26, 54, 108, 0.0031692981719970703
26, 84, 168, 0.005032777786254883
26, 80, 160, 0.004675626754760742
26, 70, 140, 0.00421452522277832
26, 68, 136, 0.004085063934326172
26, 80, 160, 0.006643056869506836
26, 68, 136, 0.004074811935424805
26, 78, 156, 0.004709720611572266
26, 66, 132, 0.0039215087890625
26, 74, 148, 0.0044269561767578125
26, 78, 156, 0.0047228336334228516
26, 72, 144, 0.004347562789916992
26, 66, 132, 0.003920555114746094
26, 76, 152, 0.006094694137573242
26, 54, 108, 0.0034804344177246094
26, 82, 164, 0.005242586135864258
26, 78, 156, 0.004662513732910156
26, 70, 140, 0.004435539245605469
26, 80, 160, 0.004942178726196289
26, 78, 156, 0.00473785400390625
26, 64, 128, 0.004815340042114258
26, 86, 172, 0.00553131103515625
26, 66, 132, 0.004189729690551758
26, 72, 144, 0.004376411437988281
26, 78, 156, 0.00492405891418457
26, 84, 168, 0.00520777702331543
26, 46, 92, 0.002735614776611328
26, 78, 156, 0.005490303039550781
26, 84, 168, 0.0052852630615234375
26, 72, 144, 0.004532575607299805
26, 58, 116, 0.0036602020263671875
26, 70, 140, 0.004378557205200195
26, 92, 184, 0.005861759185791016
26, 64, 128, 0.003977537155151367
26, 84, 168, 0.013781309127807617
26, 74, 148, 0.0044476985931396484
26, 72, 144, 0.004518270492553711
26, 62, 124, 0.0038857460021972656
26, 74, 148, 0.004547834396362305
26, 78, 156, 0.004694938659667969
26, 78, 156, 0.004744052886962891
26, 86, 172, 0.0060405731201171875
26, 80, 160, 0.0047605037689208984
26, 72, 144, 0.004405975341796875
26, 72, 144, 0.004436016082763672
26, 86, 172, 0.005347251892089844
26, 74, 148, 0.004532337188720703
26, 76, 152, 0.004675149917602539
26, 60, 120, 0.004820108413696289
27, 84, 168, 0.005164384841918945
27, 78, 156, 0.0050847530364990234
27, 82, 164, 0.005097627639770508
27, 78, 156, 0.004790067672729492
27, 78, 156, 0.0047893524169921875
27, 82, 164, 0.005038738250732422
27, 86, 172, 0.006546735763549805
27, 84, 168, 0.005088090896606445
27, 86, 172, 0.00521397590637207
27, 82, 164, 0.0049169063568115234
27, 86, 172, 0.005284309387207031
27, 82, 164, 0.005083322525024414
27, 86, 172, 0.0065441131591796875
27, 74, 148, 0.004578828811645508
27, 78, 156, 0.004776954650878906
27, 78, 156, 0.004740476608276367
27, 86, 172, 0.005432844161987305
27, 86, 172, 0.00536036491394043
27, 78, 156, 0.004751682281494141
27, 86, 172, 0.0069217681884765625
27, 56, 112, 0.003656148910522461
27, 82, 164, 0.005108356475830078
27, 80, 160, 0.004842042922973633
27, 70, 140, 0.0042955875396728516
27, 86, 172, 0.0052678585052490234
27, 74, 148, 0.013259410858154297
27, 84, 168, 0.005344867706298828
27, 84, 168, 0.005187273025512695
27, 68, 136, 0.004250526428222656
27, 74, 148, 0.004549980163574219
27, 88, 176, 0.00538182258605957
27, 86, 172, 0.005208492279052734
27, 78, 156, 0.005544900894165039
27, 80, 160, 0.004814863204956055
27, 80, 160, 0.0047719478607177734
27, 74, 148, 0.004584074020385742
27, 76, 152, 0.004559516906738281
27, 76, 152, 0.004559040069580078
27, 72, 144, 0.004435300827026367
27, 62, 124, 0.0050776004791259766
27, 74, 148, 0.004480600357055664
27, 66, 132, 0.004112720489501953
27, 82, 164, 0.004950046539306641
27, 70, 140, 0.004164934158325195
27, 82, 164, 0.005125761032104492
27, 86, 172, 0.008957862854003906
27, 80, 160, 0.004854679107666016
27, 80, 160, 0.005031585693359375
27, 76, 152, 0.004622936248779297
27, 72, 144, 0.00435948371887207
27, 76, 152, 0.004665374755859375
27, 80, 160, 0.005017757415771484
27, 80, 160, 0.0049855709075927734
27, 74, 148, 0.005498409271240234
27, 70, 140, 0.004291057586669922
27, 78, 156, 0.004835367202758789
27, 62, 124, 0.0037322044372558594
27, 80, 160, 0.0050122737884521484
27, 88, 176, 0.005399227142333984
27, 84, 168, 0.005156040191650391
27, 78, 156, 0.006499290466308594
27, 52, 104, 0.0033566951751708984
27, 62, 124, 0.003980159759521484
27, 82, 164, 0.004994392395019531
27, 72, 144, 0.004406452178955078
27, 82, 164, 0.005128383636474609
27, 70, 140, 0.0042345523834228516
27, 80, 160, 0.021122455596923828
27, 66, 132, 0.004151344299316406
27, 68, 136, 0.004165172576904297
27, 90, 180, 0.00545048713684082
27, 66, 132, 0.004064321517944336
27, 78, 156, 0.004788398742675781
27, 82, 164, 0.005033969879150391
27, 88, 176, 0.005470752716064453
27, 74, 148, 0.00448155403137207
27, 82, 164, 0.004942417144775391
27, 78, 156, 0.004697322845458984
27, 86, 172, 0.0051648616790771484
27, 70, 140, 0.006012678146362305
27, 66, 132, 0.003983736038208008
27, 48, 96, 0.0030319690704345703
27, 66, 132, 0.004078865051269531
27, 76, 152, 0.004640817642211914
27, 68, 136, 0.004071950912475586
27, 78, 156, 0.004833221435546875
27, 80, 160, 0.004843235015869141
27, 82, 164, 0.0060918331146240234
27, 72, 144, 0.004436016082763672
27, 72, 144, 0.004384279251098633
27, 80, 160, 0.004857301712036133
27, 58, 116, 0.0036191940307617188
27, 80, 160, 0.00485539436340332
27, 74, 148, 0.004652261734008789
27, 76, 152, 0.006342649459838867
27, 74, 148, 0.004560232162475586
27, 78, 156, 0.0048525333404541016
27, 84, 168, 0.005074501037597656
27, 74, 148, 0.00452423095703125
27, 74, 148, 0.004698038101196289
28, 78, 156, 0.0048351287841796875
28, 78, 156, 0.006250619888305664
28, 84, 168, 0.005352973937988281
28, 68, 136, 0.004240989685058594
28, 84, 168, 0.005227088928222656
28, 82, 164, 0.005169391632080078
28, 84, 168, 0.005385637283325195
28, 92, 184, 0.014503002166748047
28, 84, 168, 0.0053784847259521484
28, 78, 156, 0.00495600700378418
28, 82, 164, 0.005205631256103516
28, 90, 180, 0.005632162094116211
28, 82, 164, 0.005105257034301758
28, 72, 144, 0.004555225372314453
28, 68, 136, 0.006188869476318359
28, 66, 132, 0.004171848297119141
28, 80, 160, 0.0050923824310302734
28, 80, 160, 0.005066871643066406
28, 82, 164, 0.004967451095581055
28, 82, 164, 0.004976987838745117
28, 88, 176, 0.006273984909057617
28, 86, 172, 0.0052165985107421875
28, 72, 144, 0.004502773284912109
28, 80, 160, 0.004990577697753906
28, 84, 168, 0.0052089691162109375
28, 82, 164, 0.00494694709777832
28, 90, 180, 0.005653858184814453
28, 88, 176, 0.006405830383300781
28, 78, 156, 0.004937171936035156
28, 78, 156, 0.004891395568847656
28, 78, 156, 0.004920244216918945
28, 82, 164, 0.005360126495361328
28, 84, 168, 0.005215883255004883
28, 86, 172, 0.005749702453613281
28, 88, 176, 0.005647182464599609
28, 82, 164, 0.005086183547973633
28, 60, 120, 0.003734111785888672
28, 82, 164, 0.005441188812255859
28, 84, 168, 0.005234241485595703
28, 78, 156, 0.004784107208251953
28, 82, 164, 0.00590825080871582
28, 72, 144, 0.004422426223754883
28, 86, 172, 0.0051763057708740234
28, 90, 180, 0.005645275115966797
28, 84, 168, 0.005379438400268555
28, 70, 140, 0.004522085189819336
28, 84, 168, 0.013315916061401367
28, 68, 136, 0.004314899444580078
28, 78, 156, 0.005093574523925781
28, 86, 172, 0.00558781623840332
28, 86, 172, 0.005631208419799805
28, 78, 156, 0.005181074142456055
28, 70, 140, 0.004493236541748047
28, 86, 172, 0.006438732147216797
28, 74, 148, 0.004695892333984375
28, 86, 172, 0.005289316177368164
28, 86, 172, 0.005414247512817383
28, 86, 172, 0.005295515060424805
28, 76, 152, 0.004961729049682617
28, 84, 168, 0.006165742874145508
28, 90, 180, 0.005614757537841797
28, 92, 184, 0.006005287170410156
28, 64, 128, 0.004220247268676758
28, 86, 172, 0.005745410919189453
28, 72, 144, 0.004662275314331055
28, 76, 152, 0.004838466644287109
28, 80, 160, 0.007217884063720703
28, 80, 160, 0.005372762680053711
28, 82, 164, 0.005206584930419922
28, 94, 188, 0.005972623825073242
28, 80, 160, 0.005110740661621094
28, 78, 156, 0.004959583282470703
28, 76, 152, 0.006316661834716797
28, 88, 176, 0.005769968032836914
28, 70, 140, 0.004521608352661133
28, 88, 176, 0.0059931278228759766
28, 90, 180, 0.0058786869049072266
28, 74, 148, 0.0048084259033203125
28, 80, 160, 0.006193399429321289
28, 82, 164, 0.005338430404663086
28, 86, 172, 0.009299516677856445
28, 86, 172, 0.005763530731201172
28, 86, 172, 0.005585908889770508
28, 94, 188, 0.013692855834960938
28, 58, 116, 0.003690958023071289
28, 82, 164, 0.005095243453979492
28, 82, 164, 0.005153656005859375
28, 72, 144, 0.004414796829223633
28, 64, 128, 0.0040683746337890625
28, 82, 164, 0.005151987075805664
28, 76, 152, 0.005647897720336914
28, 86, 172, 0.005326509475708008
28, 86, 172, 0.005487203598022461
28, 84, 168, 0.005275726318359375
28, 86, 172, 0.0053255558013916016
28, 80, 160, 0.00498652458190918
28, 80, 160, 0.004925251007080078
28, 78, 156, 0.0060307979583740234
28, 88, 176, 0.005613088607788086
28, 82, 164, 0.005107402801513672
29, 76, 152, 0.004786968231201172
29, 84, 168, 0.005458831787109375
29, 76, 152, 0.004858255386352539
29, 70, 140, 0.006123781204223633
29, 84, 168, 0.005227565765380859
29, 96, 192, 0.006098747253417969
29, 98, 196, 0.00637054443359375
29, 80, 160, 0.005459308624267578
29, 90, 180, 0.0059049129486083984
29, 72, 144, 0.0054018497467041016
29, 86, 172, 0.005747079849243164
29, 88, 176, 0.0057086944580078125
29, 90, 180, 0.005995512008666992
29, 80, 160, 0.0053708553314208984
29, 82, 164, 0.008716344833374023
29, 74, 148, 0.005804300308227539
29, 86, 172, 0.0055789947509765625
29, 84, 168, 0.005619525909423828
29, 76, 152, 0.0048258304595947266
29, 78, 156, 0.004861354827880859
29, 92, 184, 0.0058138370513916016
29, 90, 180, 0.014970779418945312
29, 86, 172, 0.005479574203491211
29, 72, 144, 0.004450082778930664
29, 78, 156, 0.004960060119628906
29, 74, 148, 0.00470280647277832
29, 78, 156, 0.0051517486572265625
29, 82, 164, 0.006225109100341797
29, 88, 176, 0.0055425167083740234
29, 98, 196, 0.006249427795410156
29, 80, 160, 0.004853963851928711
29, 86, 172, 0.005395650863647461
29, 80, 160, 0.0050051212310791016
29, 90, 180, 0.006081819534301758
29, 94, 188, 0.006439685821533203
29, 96, 192, 0.006158113479614258
29, 82, 164, 0.005240201950073242
29, 80, 160, 0.005002737045288086
29, 72, 144, 0.008604764938354492
29, 90, 180, 0.011364936828613281
29, 78, 156, 0.0049571990966796875
29, 80, 160, 0.005003452301025391
29, 76, 152, 0.004777193069458008
29, 90, 180, 0.005741596221923828
29, 78, 156, 0.0050890445709228516
29, 84, 168, 0.007859945297241211
29, 82, 164, 0.0053827762603759766
29, 84, 168, 0.0054357051849365234
29, 72, 144, 0.004579782485961914
29, 80, 160, 0.0050907135009765625
29, 68, 136, 0.0044744014739990234
29, 70, 140, 0.004410982131958008
29, 80, 160, 0.010422945022583008
29, 88, 176, 0.0056345462799072266
29, 98, 196, 0.006302833557128906
29, 82, 164, 0.005146980285644531
29, 90, 180, 0.005545854568481445
29, 78, 156, 0.013993978500366211
29, 82, 164, 0.005456447601318359
29, 80, 160, 0.005105257034301758
29, 78, 156, 0.0050678253173828125
29, 88, 176, 0.005472421646118164
29, 80, 160, 0.005133152008056641
29, 82, 164, 0.00540471076965332
29, 64, 128, 0.003957509994506836
29, 92, 184, 0.0059549808502197266
29, 98, 196, 0.006867647171020508
29, 94, 188, 0.006029605865478516
29, 90, 180, 0.010798454284667969
29, 78, 156, 0.004817008972167969
29, 84, 168, 0.005342245101928711
29, 84, 168, 0.0056841373443603516
29, 76, 152, 0.005013465881347656
29, 90, 180, 0.0057811737060546875
29, 82, 164, 0.005172252655029297
29, 96, 192, 0.009832382202148438
29, 86, 172, 0.0055887699127197266
29, 86, 172, 0.0056040287017822266
29, 78, 156, 0.0049784183502197266
29, 88, 176, 0.005773067474365234
29, 88, 176, 0.009809732437133789
29, 84, 168, 0.00564885139465332
29, 84, 168, 0.005186557769775391
29, 86, 172, 0.0053789615631103516
29, 92, 184, 0.006024837493896484
29, 72, 144, 0.004431486129760742
29, 88, 176, 0.005987405776977539
29, 90, 180, 0.005839347839355469
29, 84, 168, 0.00524449348449707
29, 86, 172, 0.005341529846191406
29, 82, 164, 0.0050427913665771484
29, 82, 164, 0.005077362060546875
29, 76, 152, 0.006000518798828125
29, 72, 144, 0.0047454833984375
29, 76, 152, 0.00490117073059082
29, 84, 168, 0.005281925201416016
29, 88, 176, 0.005724668502807617
29, 84, 168, 0.005220174789428711
29, 74, 148, 0.004628658294677734
29, 76, 152, 0.01434636116027832
30, 94, 188, 0.006226301193237305
30, 86, 172, 0.005781888961791992
30, 90, 180, 0.005803585052490234
30, 84, 168, 0.005469322204589844
30, 82, 164, 0.005350828170776367
30, 94, 188, 0.011482715606689453
30, 80, 160, 0.005117893218994141
30, 94, 188, 0.011403560638427734
30, 86, 172, 0.0057430267333984375
30, 80, 160, 0.005125999450683594
30, 82, 164, 0.005326509475708008
30, 96, 192, 0.006335258483886719
30, 80, 160, 0.007350444793701172
30, 86, 172, 0.005601406097412109
30, 96, 192, 0.0062558650970458984
30, 96, 192, 0.006740570068359375
30, 74, 148, 0.0048143863677978516
30, 80, 160, 0.005470991134643555
30, 78, 156, 0.005110263824462891
30, 80, 160, 0.005337953567504883
30, 98, 196, 0.006597280502319336
30, 74, 148, 0.005389690399169922
30, 92, 184, 0.00617527961730957
30, 96, 192, 0.006386518478393555
30, 96, 192, 0.0062215328216552734
30, 78, 156, 0.005067586898803711
30, 92, 184, 0.0072362422943115234
30, 84, 168, 0.00548863410949707
30, 104, 208, 0.007104158401489258
30, 86, 172, 0.005986452102661133
30, 96, 192, 0.006278276443481445
30, 90, 180, 0.014036893844604492
30, 98, 196, 0.006443023681640625
30, 90, 180, 0.005825996398925781
30, 78, 156, 0.00496673583984375
30, 74, 148, 0.0047533512115478516
30, 90, 180, 0.005913257598876953
30, 98, 196, 0.007896184921264648
30, 98, 196, 0.0065076351165771484
30, 102, 204, 0.007360935211181641
30, 100, 200, 0.0064699649810791016
30, 84, 168, 0.005505800247192383
30, 90, 180, 0.007398128509521484
30, 90, 180, 0.0059053897857666016
30, 90, 180, 0.00587773323059082
30, 88, 176, 0.005573272705078125
30, 84, 168, 0.0053255558013916016
30, 90, 180, 0.005674600601196289
30, 82, 164, 0.005846261978149414
30, 88, 176, 0.005800962448120117
30, 84, 168, 0.005278825759887695
30, 80, 160, 0.0051116943359375
30, 102, 204, 0.006750345230102539
30, 86, 172, 0.0058078765869140625
30, 86, 172, 0.006947755813598633
30, 96, 192, 0.0063686370849609375
30, 88, 176, 0.005718231201171875
30, 80, 160, 0.0050885677337646484
30, 88, 176, 0.005820035934448242
30, 86, 172, 0.006899833679199219
30, 92, 184, 0.006348133087158203
30, 82, 164, 0.005239963531494141
30, 78, 156, 0.005367755889892578
30, 96, 192, 0.006804943084716797
30, 82, 164, 0.005254030227661133
30, 80, 160, 0.014391422271728516
30, 94, 188, 0.006868124008178711
30, 90, 180, 0.005864381790161133
30, 44, 88, 0.0029931068420410156
30, 86, 172, 0.0061643123626708984
30, 88, 176, 0.005583286285400391
30, 84, 168, 0.005900859832763672
30, 90, 180, 0.006704568862915039
30, 56, 112, 0.0038268566131591797
30, 86, 172, 0.0055010318756103516
30, 104, 208, 0.007876157760620117
30, 84, 168, 0.005469560623168945
30, 94, 188, 0.007122039794921875
30, 92, 184, 0.006425142288208008
30, 88, 176, 0.005632877349853516
30, 86, 172, 0.006024360656738281
30, 100, 200, 0.006810426712036133
30, 94, 188, 0.009409904479980469
30, 92, 184, 0.005907297134399414
30, 78, 156, 0.004914283752441406
30, 78, 156, 0.005061149597167969
30, 80, 160, 0.005220890045166016
30, 84, 168, 0.005433082580566406
30, 90, 180, 0.007256746292114258
30, 96, 192, 0.00635218620300293
30, 86, 172, 0.00551295280456543
30, 82, 164, 0.006140947341918945
30, 92, 184, 0.0059010982513427734
30, 96, 192, 0.00653839111328125
30, 88, 176, 0.006630420684814453
30, 74, 148, 0.004808664321899414
30, 86, 172, 0.005880117416381836
30, 84, 168, 0.006280422210693359
30, 90, 180, 0.006371498107910156
30, 90, 180, 0.006772041320800781
31, 94, 188, 0.0064089298248291016
31, 92, 184, 0.006262540817260742
31, 104, 208, 0.0071942806243896484
31, 74, 148, 0.005171537399291992
31, 96, 192, 0.007386684417724609
31, 98, 196, 0.006619930267333984
31, 94, 188, 0.006334066390991211
31, 58, 116, 0.003954648971557617
31, 98, 196, 0.006468534469604492
31, 88, 176, 0.0058269500732421875
31, 80, 160, 0.006244659423828125
31, 88, 176, 0.0058557987213134766
31, 86, 172, 0.006106138229370117
31, 72, 144, 0.0050487518310546875
31, 98, 196, 0.006674051284790039
31, 84, 168, 0.006305694580078125
31, 86, 172, 0.006029844284057617
31, 92, 184, 0.011038780212402344
31, 108, 216, 0.007328987121582031
31, 84, 168, 0.0055844783782958984
31, 96, 192, 0.006555080413818359
31, 92, 184, 0.0065250396728515625
31, 92, 184, 0.006548881530761719
31, 96, 192, 0.006616830825805664
31, 92, 184, 0.0063076019287109375
31, 88, 176, 0.006074190139770508
31, 92, 184, 0.0061168670654296875
31, 90, 180, 0.009485483169555664
31, 96, 192, 0.006372690200805664
31, 96, 192, 0.006808042526245117
31, 102, 204, 0.006746053695678711
31, 84, 168, 0.0054013729095458984
31, 72, 144, 0.005044221878051758
31, 92, 184, 0.010165929794311523
31, 76, 152, 0.00509333610534668
31, 98, 196, 0.013944149017333984
31, 96, 192, 0.006433963775634766
31, 94, 188, 0.0073680877685546875
31, 98, 196, 0.0065860748291015625
31, 86, 172, 0.005602836608886719
31, 90, 180, 0.008186578750610352
31, 88, 176, 0.005733013153076172
31, 92, 184, 0.005936384201049805
31, 88, 176, 0.007119178771972656
31, 102, 204, 0.008862733840942383
31, 100, 200, 0.00704193115234375
31, 98, 196, 0.00641179084777832
31, 86, 172, 0.005503416061401367
31, 100, 200, 0.006531953811645508
31, 90, 180, 0.00925302505493164
31, 92, 184, 0.0066070556640625
31, 94, 188, 0.006105899810791016
31, 84, 168, 0.005592823028564453
31, 82, 164, 0.005252361297607422
31, 104, 208, 0.006846189498901367
31, 94, 188, 0.008966684341430664
31, 94, 188, 0.00621342658996582
31, 78, 156, 0.005239725112915039
31, 86, 172, 0.005575895309448242
31, 104, 208, 0.006844282150268555
31, 94, 188, 0.006278514862060547
31, 88, 176, 0.0067632198333740234
31, 82, 164, 0.0054852962493896484
31, 100, 200, 0.006594419479370117
31, 96, 192, 0.00624537467956543
31, 78, 156, 0.006310462951660156
31, 96, 192, 0.006325960159301758
31, 90, 180, 0.007330894470214844
31, 94, 188, 0.0060460567474365234
31, 88, 176, 0.005690097808837891
31, 90, 180, 0.006047487258911133
31, 90, 180, 0.013380289077758789
31, 90, 180, 0.008333683013916016
31, 88, 176, 0.0075838565826416016
31, 84, 168, 0.009351015090942383
31, 88, 176, 0.006052494049072266
31, 100, 200, 0.006559610366821289
31, 90, 180, 0.006888389587402344
31, 92, 184, 0.008207559585571289
31, 86, 172, 0.005551338195800781
31, 106, 212, 0.007989168167114258
31, 100, 200, 0.006557464599609375
31, 96, 192, 0.0062732696533203125
31, 94, 188, 0.0069425106048583984
31, 84, 168, 0.0055272579193115234
31, 82, 164, 0.00908041000366211
31, 84, 168, 0.005428314208984375
31, 92, 184, 0.005924224853515625
31, 92, 184, 0.006018161773681641
31, 82, 164, 0.005339145660400391
31, 78, 156, 0.005159616470336914
31, 92, 184, 0.006592273712158203
31, 94, 188, 0.006048440933227539
31, 96, 192, 0.006222248077392578
31, 88, 176, 0.005649089813232422
31, 84, 168, 0.005376100540161133
31, 106, 212, 0.0076673030853271484
31, 92, 184, 0.005993366241455078
31, 106, 212, 0.007021188735961914
31, 90, 180, 0.005804538726806641
32, 94, 188, 0.0062465667724609375
32, 66, 132, 0.004614114761352539
32, 100, 200, 0.015454530715942383
32, 92, 184, 0.0061185359954833984
32, 86, 172, 0.005544424057006836
32, 92, 184, 0.006219387054443359
32, 94, 188, 0.006207466125488281
32, 88, 176, 0.006272792816162109
32, 104, 208, 0.00696110725402832
32, 88, 176, 0.005785942077636719
32, 100, 200, 0.006590127944946289
32, 96, 192, 0.006261110305786133
32, 106, 212, 0.0069882869720458984
32, 102, 204, 0.008297204971313477
32, 96, 192, 0.006330251693725586
32, 112, 224, 0.007417917251586914
32, 94, 188, 0.009837627410888672
32, 102, 204, 0.007316112518310547
32, 106, 212, 0.0070912837982177734
32, 106, 212, 0.0071980953216552734
32, 94, 188, 0.006231069564819336
32, 98, 196, 0.006588935852050781
32, 106, 212, 0.007536649703979492
32, 102, 204, 0.00686335563659668
32, 70, 140, 0.004809141159057617
32, 90, 180, 0.005881309509277344
32, 94, 188, 0.0062940120697021484
32, 98, 196, 0.007886171340942383
32, 96, 192, 0.006270647048950195
32, 88, 176, 0.005966901779174805
32, 94, 188, 0.006305694580078125
32, 94, 188, 0.006371974945068359
32, 96, 192, 0.006829261779785156
32, 96, 192, 0.0063784122467041016
32, 96, 192, 0.006555318832397461
32, 94, 188, 0.006293535232543945
32, 94, 188, 0.006190061569213867
32, 102, 204, 0.014245986938476562
32, 80, 160, 0.005311012268066406
32, 100, 200, 0.006577253341674805
32, 100, 200, 0.006615161895751953
32, 104, 208, 0.007238626480102539
32, 96, 192, 0.006326198577880859
32, 92, 184, 0.0071523189544677734
32, 62, 124, 0.004210710525512695
32, 88, 176, 0.005733966827392578
32, 100, 200, 0.006506681442260742
32, 94, 188, 0.006119966506958008
32, 98, 196, 0.006986856460571289
32, 98, 196, 0.006494998931884766
32, 106, 212, 0.007223844528198242
32, 84, 168, 0.005583524703979492
32, 100, 200, 0.006796836853027344
32, 88, 176, 0.0058896541595458984
32, 102, 204, 0.00744938850402832
32, 102, 204, 0.00682377815246582
32, 92, 184, 0.0061798095703125
32, 86, 172, 0.0066263675689697266
32, 96, 192, 0.006167411804199219
32, 86, 172, 0.006270170211791992
32, 94, 188, 0.00852513313293457
32, 92, 184, 0.0062580108642578125
32, 88, 176, 0.0066106319427490234
32, 96, 192, 0.007750988006591797
32, 92, 184, 0.005929470062255859
32, 98, 196, 0.008783578872680664
32, 82, 164, 0.005372285842895508
32, 90, 180, 0.00763392448425293
32, 88, 176, 0.012692451477050781
32, 94, 188, 0.006094217300415039
32, 88, 176, 0.005903959274291992
32, 90, 180, 0.008233308792114258
32, 104, 208, 0.007158517837524414
32, 92, 184, 0.00719904899597168
32, 94, 188, 0.00750732421875
32, 80, 160, 0.005205869674682617
32, 92, 184, 0.007962226867675781
32, 76, 152, 0.005069255828857422
32, 100, 200, 0.008749246597290039
32, 106, 212, 0.009703636169433594
32, 80, 160, 0.006697177886962891
32, 90, 180, 0.005881071090698242
32, 96, 192, 0.007935285568237305
32, 86, 172, 0.006247520446777344
32, 90, 180, 0.005867481231689453
32, 102, 204, 0.009221315383911133
32, 96, 192, 0.006373882293701172
32, 96, 192, 0.008382797241210938
32, 106, 212, 0.007500648498535156
32, 112, 224, 0.010265350341796875
32, 96, 192, 0.007405281066894531
32, 100, 200, 0.006670236587524414
32, 104, 208, 0.007056713104248047
32, 86, 172, 0.007872343063354492
32, 92, 184, 0.006148815155029297
32, 88, 176, 0.005738973617553711
32, 96, 192, 0.006505012512207031
32, 102, 204, 0.007096529006958008
32, 106, 212, 0.007342815399169922
32, 96, 192, 0.006528615951538086
33, 110, 220, 0.00762486457824707
33, 106, 212, 0.014951467514038086
33, 78, 156, 0.005570411682128906
33, 88, 176, 0.006044864654541016
33, 92, 184, 0.006163597106933594
33, 106, 212, 0.0075223445892333984
33, 100, 200, 0.01056671142578125
33, 94, 188, 0.00667262077331543
33, 106, 212, 0.008588314056396484
33, 86, 172, 0.005870342254638672
33, 84, 168, 0.006601095199584961
33, 92, 184, 0.008953332901000977
33, 96, 192, 0.006558418273925781
33, 94, 188, 0.008026123046875
33, 94, 188, 0.006716728210449219
33, 96, 192, 0.007741689682006836
33, 86, 172, 0.0077745914459228516
33, 112, 224, 0.008014440536499023
33, 96, 192, 0.006784915924072266
33, 76, 152, 0.005706310272216797
33, 100, 200, 0.0070416927337646484
33, 90, 180, 0.006319522857666016
33, 108, 216, 0.007845878601074219
33, 96, 192, 0.007081508636474609
33, 100, 200, 0.008095502853393555
33, 98, 196, 0.006697893142700195
33, 98, 196, 0.006731510162353516
33, 78, 156, 0.005289316177368164
33, 100, 200, 0.0070972442626953125
33, 92, 184, 0.006494760513305664
33, 96, 192, 0.006917715072631836
33, 100, 200, 0.007272481918334961
33, 112, 224, 0.008070230484008789
33, 96, 192, 0.006753683090209961
33, 94, 188, 0.015339374542236328
33, 96, 192, 0.0069463253021240234
33, 112, 224, 0.007955789566040039
33, 108, 216, 0.007430315017700195
33, 86, 172, 0.007059574127197266
33, 92, 184, 0.009975671768188477
33, 98, 196, 0.007075309753417969
33, 96, 192, 0.006746768951416016
33, 98, 196, 0.006712675094604492
33, 98, 196, 0.008497953414916992
33, 104, 208, 0.007209062576293945
33, 98, 196, 0.006599903106689453
33, 118, 236, 0.008281469345092773
33, 102, 204, 0.00687718391418457
33, 102, 204, 0.00939631462097168
33, 68, 136, 0.0077631473541259766
33, 104, 208, 0.007193565368652344
33, 96, 192, 0.006964445114135742
33, 66, 132, 0.0045316219329833984
33, 92, 184, 0.00609588623046875
33, 102, 204, 0.009639501571655273
33, 100, 200, 0.006992340087890625
33, 106, 212, 0.008262157440185547
33, 104, 208, 0.007143497467041016
33, 88, 176, 0.005872249603271484
33, 108, 216, 0.01099395751953125
33, 106, 212, 0.0071451663970947266
33, 96, 192, 0.007035493850708008
33, 100, 200, 0.006837606430053711
33, 96, 192, 0.006478548049926758
33, 78, 156, 0.006323099136352539
33, 100, 200, 0.009609699249267578
33, 90, 180, 0.014587879180908203
33, 106, 212, 0.007151365280151367
33, 98, 196, 0.008298397064208984
33, 94, 188, 0.007138490676879883
33, 102, 204, 0.006919145584106445
33, 108, 216, 0.007497549057006836
33, 100, 200, 0.006691932678222656
33, 102, 204, 0.0070874691009521484
33, 90, 180, 0.007138490676879883
33, 94, 188, 0.007504940032958984
33, 108, 216, 0.007503986358642578
33, 94, 188, 0.006309986114501953
33, 100, 200, 0.007568836212158203
33, 104, 208, 0.008350372314453125
33, 102, 204, 0.010275840759277344
33, 92, 184, 0.006102561950683594
33, 78, 156, 0.005643129348754883
33, 88, 176, 0.00584101676940918
33, 100, 200, 0.0078122615814208984
33, 96, 192, 0.00989675521850586
33, 102, 204, 0.006949901580810547
33, 92, 184, 0.006588935852050781
33, 104, 208, 0.009729862213134766
33, 100, 200, 0.007823467254638672
33, 92, 184, 0.006166696548461914
33, 100, 200, 0.006775617599487305
33, 110, 220, 0.007445096969604492
33, 106, 212, 0.006964445114135742
33, 90, 180, 0.0060040950775146484
33, 96, 192, 0.010139226913452148
33, 96, 192, 0.00632786750793457
33, 86, 172, 0.0056231021881103516
33, 102, 204, 0.013411998748779297
33, 86, 172, 0.005629301071166992
34, 88, 176, 0.010736465454101562
34, 108, 216, 0.007783174514770508
34, 106, 212, 0.00733184814453125
34, 100, 200, 0.006756305694580078
34, 106, 212, 0.007996320724487305
34, 102, 204, 0.007723093032836914
34, 92, 184, 0.0062334537506103516
34, 94, 188, 0.009220123291015625
34, 92, 184, 0.006213665008544922
34, 100, 200, 0.006979227066040039
34, 108, 216, 0.008732795715332031
34, 106, 212, 0.00753021240234375
34, 110, 220, 0.008336544036865234
34, 92, 184, 0.006181955337524414
34, 114, 228, 0.007901191711425781
34, 106, 212, 0.012310504913330078
34, 104, 208, 0.007218837738037109
34, 104, 208, 0.0073010921478271484
34, 102, 204, 0.006951808929443359
34, 92, 184, 0.00629878044128418
34, 110, 220, 0.011946678161621094
34, 96, 192, 0.006579875946044922
34, 84, 168, 0.005869626998901367
34, 90, 180, 0.006089925765991211
34, 92, 184, 0.0062732696533203125
34, 106, 212, 0.015228748321533203
34, 102, 204, 0.007079124450683594
34, 102, 204, 0.007073879241943359
34, 96, 192, 0.006562232971191406
34, 96, 192, 0.006949901580810547
34, 118, 236, 0.012666940689086914
34, 112, 224, 0.007739067077636719
34, 98, 196, 0.006746530532836914
34, 110, 220, 0.007503986358642578
34, 88, 176, 0.006870746612548828
34, 86, 172, 0.005774497985839844
34, 84, 168, 0.0058133602142333984
34, 104, 208, 0.007340192794799805
34, 92, 184, 0.006252765655517578
34, 100, 200, 0.008661270141601562
34, 96, 192, 0.006471395492553711
34, 110, 220, 0.0078084468841552734
34, 82, 164, 0.005400896072387695
34, 98, 196, 0.006819486618041992
34, 110, 220, 0.008308649063110352
34, 88, 176, 0.0059108734130859375
34, 104, 208, 0.0070972442626953125
34, 98, 196, 0.006612539291381836
34, 94, 188, 0.00675511360168457
34, 100, 200, 0.007176637649536133
34, 110, 220, 0.007649898529052734
34, 110, 220, 0.0075185298919677734
34, 102, 204, 0.007021427154541016
34, 80, 160, 0.005799055099487305
34, 98, 196, 0.013691902160644531
34, 92, 184, 0.00626683235168457
34, 94, 188, 0.006513357162475586
34, 112, 224, 0.007856369018554688
34, 96, 192, 0.006760835647583008
34, 110, 220, 0.007555246353149414
34, 98, 196, 0.006716489791870117
34, 108, 216, 0.007421255111694336
34, 116, 232, 0.008371114730834961
34, 108, 216, 0.007446765899658203
34, 110, 220, 0.007736682891845703
34, 98, 196, 0.006655216217041016
34, 90, 180, 0.006375312805175781
34, 90, 180, 0.009929418563842773
34, 94, 188, 0.0064923763275146484
34, 102, 204, 0.007198810577392578
34, 110, 220, 0.007546424865722656
34, 106, 212, 0.0074422359466552734
34, 92, 184, 0.006374835968017578
34, 100, 200, 0.006931304931640625
34, 96, 192, 0.006764411926269531
34, 104, 208, 0.007076263427734375
34, 108, 216, 0.008787155151367188
34, 94, 188, 0.006540775299072266
34, 104, 208, 0.0072498321533203125
34, 106, 212, 0.00732731819152832
34, 104, 208, 0.007146596908569336
34, 102, 204, 0.007222175598144531
34, 104, 208, 0.007291078567504883
34, 74, 148, 0.005264997482299805
34, 104, 208, 0.007122039794921875
34, 104, 208, 0.007424116134643555
34, 82, 164, 0.005729198455810547
34, 78, 156, 0.0053637027740478516
34, 108, 216, 0.007371425628662109
34, 80, 160, 0.005387067794799805
34, 92, 184, 0.0063037872314453125
34, 112, 224, 0.01613306999206543
34, 100, 200, 0.0067768096923828125
34, 98, 196, 0.006897926330566406
34, 94, 188, 0.0063855648040771484
34, 104, 208, 0.007040500640869141
34, 98, 196, 0.007170677185058594
34, 78, 156, 0.005184650421142578
34, 80, 160, 0.005312681198120117
34, 106, 212, 0.007265329360961914
