Problem Size, Plan Length, Nodes Expanded, Total Time
20, 74, 256, 0.0226377
20, 86, 356, 0.0235283
20, 176, 1142, 0.0403284
20, 82, 455, 0.0277964
20, 98, 333, 0.0218689
20, 66, 473, 0.0255096
20, 68, 751, 0.0332831
20, 70, 283, 0.0223918
20, 72, 536, 0.0270151
20, 174, 1496, 0.0587118
20, 130, 686, 0.030242
20, 84, 384, 0.0246201
20, 70, 333, 0.0222109
20, 60, 374, 0.0246948
20, 146, 564, 0.0263976
20, 88, 481, 0.027946
20, 104, 405, 0.0238501
20, 158, 1003, 0.0367034
20, 92, 258, 0.0205922
20, 82, 246, 0.0193514
20, 92, 281, 0.0205661
20, 88, 239, 0.0194081
20, 76, 494, 0.0288533
20, 66, 507, 0.0284642
20, 72, 323, 0.0230874
20, 68, 278, 0.0223378
20, 50, 159, 0.0193387
20, 88, 326, 0.0244245
20, 72, 610, 0.0279646
20, 130, 487, 0.0238604
20, 74, 506, 0.0268682
20, 92, 640, 0.0313536
20, 108, 368, 0.0211638
20, 84, 546, 0.02958
20, 110, 415, 0.0224983
20, 84, 221, 0.0238266
20, 64, 535, 0.0319819
20, 86, 271, 0.0215223
20, 132, 465, 0.0255911
20, 70, 648, 0.0322776
20, 72, 200, 0.0172945
20, 70, 170, 0.0173355
20, 64, 268, 0.0216841
20, 166, 1944, 0.058984
20, 72, 359, 0.0232848
20, 60, 383, 0.0252176
20, 92, 545, 0.028301
20, 54, 243, 0.0207963
20, 110, 322, 0.02084
20, 178, 1211, 0.0632821
20, 72, 708, 0.0360315
20, 96, 502, 0.0276342
20, 70, 190, 0.0195318
20, 54, 265, 0.0209419
20, 90, 916, 0.0349573
20, 72, 278, 0.0250071
20, 78, 355, 0.0237058
20, 64, 209, 0.0208887
20, 50, 139, 0.0160686
20, 60, 648, 0.0293585
20, 94, 343, 0.022456
20, 112, 314, 0.0219593
20, 64, 308, 0.0213279
20, 64, 442, 0.0259112
20, 72, 287, 0.0207267
20, 56, 195, 0.0195295
20, 142, 812, 0.0337177
20, 106, 506, 0.0268717
20, 80, 316, 0.0247878
20, 114, 462, 0.0257445
20, 72, 281, 0.0243055
20, 68, 623, 0.0288327
20, 118, 323, 0.0211157
20, 60, 360, 0.0246773
20, 58, 348, 0.0238041
20, 80, 195, 0.0185798
20, 190, 2458, 0.0725932
20, 98, 251, 0.0206876
20, 138, 1494, 0.0550012
20, 84, 373, 0.0241626
20, 74, 260, 0.0212181
20, 58, 170, 0.0173794
20, 64, 391, 0.0239508
20, 68, 209, 0.0203185
20, 62, 194, 0.0204708
20, 66, 196, 0.0227891
20, 96, 401, 0.024743
20, 88, 348, 0.0235279
20, 100, 340, 0.0223439
20, 96, 324, 0.0222709
20, 84, 403, 0.0252209
20, 72, 171, 0.017128
20, 88, 410, 0.0269191
20, 122, 503, 0.024777
20, 176, 1704, 0.0526594
20, 98, 641, 0.0298986
20, 114, 510, 0.0249323
20, 90, 531, 0.0279738
20, 100, 733, 0.033746
20, 118, 1275, 0.0439265
21, 88, 505, 0.0296539
21, 72, 313, 0.0255263
21, 116, 449, 0.0282412
21, 132, 1081, 0.0430988
21, 118, 1030, 0.044105
21, 66, 693, 0.0343057
21, 72, 360, 0.0276529
21, 66, 197, 0.0217374
21, 168, 1991, 0.0685832
21, 78, 495, 0.0280704
21, 114, 895, 0.0380426
21, 140, 493, 0.0279704
21, 90, 554, 0.0319836
21, 80, 673, 0.034431
21, 88, 267, 0.0205081
21, 82, 728, 0.0370638
21, 108, 699, 0.0357981
21, 86, 1673, 0.0581469
21, 70, 571, 0.032384
21, 112, 355, 0.0255564
21, 60, 470, 0.0371537
21, 80, 404, 0.0248954
21, 126, 597, 0.030461
21, 88, 601, 0.0332027
21, 60, 390, 0.0266376
21, 98, 405, 0.0261642
21, 224, 4534, 0.121726
21, 156, 909, 0.0368659
21, 116, 360, 0.0267803
21, 128, 561, 0.0292115
21, 134, 678, 0.0339166
21, 78, 555, 0.0314823
21, 98, 731, 0.0334076
21, 82, 657, 0.0329471
21, 70, 322, 0.0265032
21, 158, 724, 0.0334792
21, 106, 530, 0.0308419
21, 88, 562, 0.0308432
21, 72, 328, 0.0269453
21, 82, 434, 0.0288239
21, 150, 676, 0.0303009
21, 88, 998, 0.0418857
21, 104, 573, 0.0312599
21, 104, 657, 0.031982
21, 74, 341, 0.0280573
21, 112, 458, 0.0261628
21, 62, 524, 0.0302452
21, 76, 406, 0.0282907
21, 64, 292, 0.0242963
21, 66, 525, 0.0373413
21, 142, 573, 0.0287276
21, 80, 201, 0.0243421
21, 128, 474, 0.025064
21, 220, 1103, 0.0423874
21, 78, 552, 0.032739
21, 146, 981, 0.0414269
21, 84, 324, 0.0259545
21, 158, 800, 0.0352886
21, 106, 409, 0.0258619
21, 64, 664, 0.0341478
21, 136, 518, 0.0268346
21, 92, 619, 0.0351044
21, 68, 136, 0.0209798
21, 108, 507, 0.0293142
21, 166, 2201, 0.0685545
21, 94, 371, 0.0260016
21, 82, 375, 0.030259
21, 60, 177, 0.023494
21, 68, 333, 0.0246689
21, 66, 177, 0.0221066
21, 62, 287, 0.0241612
21, 82, 631, 0.0339076
21, 166, 1329, 0.0494093
21, 76, 349, 0.022777
21, 86, 412, 0.026513
21, 92, 676, 0.0345487
21, 62, 533, 0.030914
21, 102, 369, 0.0246361
21, 68, 156, 0.0183251
21, 74, 347, 0.0239576
21, 96, 597, 0.0326734
21, 102, 360, 0.0233449
21, 90, 444, 0.0276748
21, 108, 689, 0.0339892
21, 100, 643, 0.0345751
21, 102, 584, 0.0340025
21, 84, 239, 0.0215777
21, 128, 497, 0.0279895
21, 100, 817, 0.0370614
21, 66, 399, 0.0274802
21, 104, 656, 0.0348189
21, 126, 571, 0.0320837
21, 66, 524, 0.0293207
21, 110, 363, 0.025825
21, 88, 595, 0.0389659
21, 70, 685, 0.0359471
21, 116, 476, 0.0281596
21, 72, 674, 0.0333514
21, 166, 803, 0.0365487
21, 54, 436, 0.0272691
22, 156, 1448, 0.0556627
22, 70, 367, 0.0349808
22, 98, 711, 0.0392042
22, 172, 882, 0.048398
22, 68, 740, 0.0380795
22, 64, 607, 0.0358046
22, 132, 483, 0.0292127
22, 64, 427, 0.0298469
22, 112, 952, 0.0450284
22, 268, 5020, 0.147075
22, 90, 559, 0.0346218
22, 80, 344, 0.0308628
22, 78, 578, 0.0340161
22, 74, 238, 0.0238223
22, 78, 1024, 0.0470982
22, 182, 900, 0.0385615
22, 82, 259, 0.023871
22, 94, 546, 0.0356685
22, 112, 434, 0.028719
22, 82, 925, 0.0451984
22, 210, 3363, 0.100969
22, 146, 652, 0.0349016
22, 76, 588, 0.0351355
22, 92, 714, 0.0422743
22, 134, 764, 0.0358805
22, 124, 820, 0.0444813
22, 90, 341, 0.0293519
22, 170, 939, 0.0422247
22, 100, 659, 0.0372624
22, 66, 221, 0.0232044
22, 188, 3426, 0.104601
22, 92, 320, 0.0243537
22, 72, 466, 0.0296722
22, 112, 849, 0.0398344
22, 80, 1053, 0.048654
22, 162, 644, 0.0340771
22, 72, 254, 0.0236546
22, 172, 1892, 0.0699787
22, 70, 823, 0.0409161
22, 82, 1053, 0.0474218
22, 124, 619, 0.0352815
22, 68, 563, 0.0349114
22, 140, 793, 0.0428215
22, 90, 574, 0.0364484
22, 76, 376, 0.0313973
22, 84, 221, 0.0233333
22, 134, 534, 0.0335216
22, 90, 449, 0.0342784
22, 84, 227, 0.0229857
22, 134, 530, 0.0330067
22, 86, 1279, 0.0529793
22, 76, 306, 0.0280372
22, 126, 412, 0.0294777
22, 84, 416, 0.0294443
22, 112, 444, 0.0284786
22, 72, 528, 0.0345741
22, 78, 1072, 0.0474253
22, 78, 634, 0.0379606
22, 94, 783, 0.0412945
22, 74, 665, 0.039026
22, 78, 442, 0.0329376
22, 144, 863, 0.0371572
22, 76, 599, 0.0351117
22, 70, 419, 0.0303127
22, 100, 880, 0.0440608
22, 132, 1250, 0.052768
22, 122, 492, 0.032223
22, 200, 1394, 0.0504441
22, 166, 833, 0.0383733
22, 128, 495, 0.0312452
22, 74, 444, 0.0306521
22, 126, 978, 0.0457166
22, 108, 895, 0.0452936
22, 88, 527, 0.0356186
22, 90, 569, 0.0354743
22, 104, 298, 0.0278156
22, 70, 763, 0.0384709
22, 74, 822, 0.0452453
22, 60, 370, 0.0313147
22, 92, 314, 0.0239624
22, 110, 656, 0.0382599
22, 114, 409, 0.0263092
22, 74, 902, 0.0544295
22, 114, 424, 0.0300588
22, 72, 746, 0.0391773
22, 56, 167, 0.0249769
22, 92, 342, 0.0266252
22, 130, 557, 0.0320955
22, 76, 543, 0.03523
22, 84, 357, 0.0288665
22, 112, 366, 0.0296606
22, 66, 658, 0.0365926
22, 82, 566, 0.0365349
22, 74, 416, 0.0306566
22, 66, 326, 0.0312491
22, 66, 146, 0.0220707
22, 74, 794, 0.0421658
22, 100, 339, 0.0319638
22, 96, 407, 0.0319029
22, 72, 550, 0.0355201
23, 166, 592, 0.0383287
23, 80, 540, 0.0378381
23, 174, 982, 0.0482222
23, 84, 479, 0.0362319
23, 68, 723, 0.0424869
23, 82, 1086, 0.0513701
23, 92, 1286, 0.0615725
23, 106, 335, 0.0291349
23, 92, 505, 0.0424804
23, 138, 1102, 0.0556804
23, 164, 554, 0.0370454
23, 90, 601, 0.0407691
23, 90, 910, 0.0486115
23, 72, 545, 0.0377278
23, 174, 1367, 0.0596838
23, 72, 461, 0.0376385
23, 156, 1178, 0.0520181
23, 152, 892, 0.0472587
23, 84, 501, 0.0373557
23, 92, 275, 0.0272479
23, 220, 2074, 0.077871
23, 106, 461, 0.0330854
23, 90, 819, 0.0446745
23, 88, 288, 0.0273457
23, 84, 299, 0.0283495
23, 58, 376, 0.0320176
23, 88, 1158, 0.055957
23, 68, 289, 0.029582
23, 68, 286, 0.0302476
23, 94, 615, 0.0409292
23, 80, 911, 0.050151
23, 72, 466, 0.0356363
23, 106, 434, 0.0346473
23, 84, 878, 0.0466468
23, 134, 718, 0.0428403
23, 138, 575, 0.0362022
23, 74, 586, 0.0396451
23, 86, 706, 0.0422958
23, 222, 2413, 0.0825738
23, 140, 530, 0.0375253
23, 90, 257, 0.0285847
23, 154, 680, 0.039918
23, 102, 601, 0.0373484
23, 84, 221, 0.0251656
23, 120, 382, 0.0310257
23, 214, 2215, 0.0816002
23, 76, 551, 0.0362852
23, 118, 1085, 0.0516752
23, 104, 368, 0.0293781
23, 76, 901, 0.0487899
23, 88, 372, 0.0289279
23, 180, 1559, 0.0654366
23, 116, 370, 0.029893
23, 90, 264, 0.0259973
23, 134, 2404, 0.082671
23, 106, 624, 0.0385301
23, 160, 671, 0.0382806
23, 126, 515, 0.0339334
23, 98, 864, 0.045487
23, 82, 533, 0.0396136
23, 78, 441, 0.0351752
23, 152, 1812, 0.069946
23, 88, 422, 0.030418
23, 102, 476, 0.036236
23, 130, 699, 0.039768
23, 82, 701, 0.0421008
23, 76, 758, 0.04683
23, 266, 4575, 0.140218
23, 76, 843, 0.0529062
23, 120, 452, 0.0303459
23, 62, 707, 0.041086
23, 96, 820, 0.0463184
23, 122, 599, 0.0342933
23, 76, 385, 0.0359511
23, 114, 521, 0.0344109
23, 90, 488, 0.0381459
23, 78, 573, 0.0383487
23, 76, 306, 0.032132
23, 200, 3922, 0.128768
23, 198, 2219, 0.0838447
23, 72, 212, 0.0261204
23, 208, 1624, 0.0641316
23, 122, 632, 0.0378114
23, 80, 753, 0.0449265
23, 78, 800, 0.044264
23, 168, 907, 0.0536322
23, 72, 837, 0.0463454
23, 76, 725, 0.0418842
23, 84, 553, 0.0409996
23, 90, 329, 0.0311645
23, 92, 766, 0.043605
23, 88, 809, 0.0455575
23, 162, 1740, 0.0671231
23, 86, 653, 0.043004
23, 156, 588, 0.0364229
23, 126, 1015, 0.0532091
23, 74, 846, 0.0448446
23, 102, 347, 0.0285856
23, 84, 1074, 0.0533223
23, 74, 539, 0.0413758
24, 86, 666, 0.0429022
24, 82, 585, 0.0417634
24, 110, 872, 0.0506746
24, 92, 546, 0.0421413
24, 96, 414, 0.0379337
24, 92, 557, 0.0367071
24, 124, 819, 0.0483517
24, 74, 657, 0.0466878
24, 110, 363, 0.0322786
24, 172, 925, 0.0482784
24, 82, 1006, 0.0632203
24, 106, 753, 0.0479664
24, 88, 1125, 0.0586221
24, 170, 942, 0.04639
24, 104, 527, 0.0470057
24, 170, 1431, 0.0694144
24, 100, 711, 0.0468246
24, 140, 747, 0.0443451
24, 184, 1001, 0.0509845
24, 132, 1221, 0.0591974
24, 96, 806, 0.0477647
24, 84, 1123, 0.0592563
24, 142, 1847, 0.078737
24, 82, 518, 0.0405152
24, 70, 389, 0.0376061
24, 138, 1043, 0.0527347
24, 148, 900, 0.0486483
24, 146, 644, 0.0427991
24, 108, 390, 0.0328115
24, 112, 440, 0.037202
24, 78, 937, 0.051705
24, 102, 366, 0.032377
24, 104, 916, 0.0503498
24, 80, 433, 0.038476
24, 94, 428, 0.0370452
24, 124, 403, 0.0349671
24, 88, 697, 0.0456828
24, 84, 496, 0.0358566
24, 124, 557, 0.0415496
24, 182, 881, 0.0450382
24, 118, 776, 0.0456856
24, 146, 550, 0.0477822
24, 168, 1310, 0.0654641
24, 86, 456, 0.0394493
24, 154, 692, 0.0424657
24, 100, 1024, 0.0558155
24, 104, 747, 0.0467267
24, 108, 441, 0.0349212
24, 114, 973, 0.0536273
24, 92, 490, 0.0395629
24, 64, 217, 0.0384786
24, 74, 802, 0.0484757
24, 74, 423, 0.0382676
24, 80, 315, 0.0304445
24, 170, 858, 0.0453043
24, 72, 507, 0.0437883
24, 82, 877, 0.0519056
24, 74, 915, 0.0540518
24, 160, 733, 0.0440527
24, 150, 571, 0.0373861
24, 80, 440, 0.0374137
24, 90, 340, 0.0310253
24, 114, 763, 0.0460864
24, 152, 1810, 0.0752499
24, 196, 1898, 0.0771785
24, 112, 464, 0.0371032
24, 150, 1070, 0.0554308
24, 76, 856, 0.0494277
24, 126, 1143, 0.0576025
24, 102, 654, 0.0437831
24, 108, 731, 0.0455044
24, 108, 982, 0.0535531
24, 72, 842, 0.0502135
24, 92, 742, 0.0485179
24, 84, 1176, 0.0594074
24, 78, 956, 0.0655431
24, 98, 529, 0.038832
24, 80, 907, 0.052636
24, 90, 479, 0.0358378
24, 150, 621, 0.0420429
24, 112, 439, 0.0356683
24, 106, 847, 0.0525068
24, 86, 1056, 0.056394
24, 88, 706, 0.0448004
24, 82, 798, 0.0457854
24, 78, 179, 0.0257411
24, 80, 1094, 0.0555786
24, 128, 1287, 0.0659094
24, 172, 951, 0.0491233
24, 156, 571, 0.0385357
24, 126, 371, 0.0324033
24, 136, 1175, 0.0603677
24, 124, 561, 0.0425066
24, 76, 1165, 0.0612623
24, 78, 504, 0.0410682
24, 88, 758, 0.0462989
24, 74, 433, 0.0368046
24, 76, 452, 0.0346414
24, 122, 760, 0.0440018
24, 116, 464, 0.0342796
25, 90, 647, 0.0477264
25, 122, 439, 0.0383511
25, 106, 294, 0.0355644
25, 130, 869, 0.0526039
25, 86, 1142, 0.0649498
25, 88, 1145, 0.0646273
25, 204, 1447, 0.0628207
25, 148, 1011, 0.0621382
25, 306, 14399, 0.454339
25, 170, 1642, 0.0784
25, 142, 734, 0.0472895
25, 136, 630, 0.0445019
25, 122, 1076, 0.0569325
25, 144, 625, 0.0476018
25, 146, 1335, 0.0671256
25, 206, 1769, 0.0756952
25, 102, 738, 0.0497804
25, 138, 552, 0.0441292
25, 104, 638, 0.0494008
25, 76, 744, 0.0520532
25, 134, 492, 0.0381145
25, 108, 667, 0.0477671
25, 120, 1136, 0.0641109
25, 114, 634, 0.0452693
25, 158, 1072, 0.0641515
25, 134, 569, 0.0455479
25, 146, 738, 0.0500445
25, 120, 482, 0.0360606
25, 160, 1910, 0.0881069
25, 114, 780, 0.0513991
25, 72, 935, 0.0583726
25, 84, 881, 0.0567051
25, 82, 329, 0.0413875
25, 78, 529, 0.0426458
25, 164, 1761, 0.0734877
25, 144, 882, 0.0578627
25, 86, 839, 0.0528057
25, 82, 607, 0.0449973
25, 82, 1208, 0.0637929
25, 116, 1010, 0.0552478
25, 112, 692, 0.0533022
25, 162, 952, 0.0509013
25, 196, 2459, 0.104703
25, 144, 747, 0.047695
25, 120, 391, 0.0381966
25, 90, 618, 0.0466079
25, 78, 479, 0.0413323
25, 80, 558, 0.044204
25, 96, 1044, 0.0632975
25, 100, 290, 0.0330155
25, 142, 521, 0.0468633
25, 148, 644, 0.043694
25, 316, 7506, 0.254101
25, 108, 850, 0.0541714
25, 100, 512, 0.0440979
25, 84, 1052, 0.0604961
25, 144, 1487, 0.0751031
25, 122, 415, 0.0380578
25, 94, 231, 0.0298691
25, 148, 3266, 0.124587
25, 90, 636, 0.0472923
25, 116, 817, 0.0528705
25, 144, 760, 0.0472617
25, 86, 630, 0.0493912
25, 124, 719, 0.0467719
25, 122, 535, 0.0478938
25, 116, 756, 0.0516153
25, 108, 362, 0.0348871
25, 78, 501, 0.043513
25, 116, 431, 0.0399432
25, 94, 1236, 0.069047
25, 166, 947, 0.0498703
25, 336, 21733, 0.673037
25, 132, 819, 0.0509736
25, 84, 396, 0.0372887
25, 176, 1418, 0.0718363
25, 86, 907, 0.0550993
25, 134, 433, 0.0362643
25, 108, 551, 0.0500075
25, 78, 355, 0.0380713
25, 176, 714, 0.0511611
25, 68, 328, 0.0340805
25, 190, 842, 0.0538919
25, 86, 1047, 0.0613009
25, 90, 612, 0.0458193
25, 134, 1276, 0.0666181
25, 84, 690, 0.0463216
25, 122, 556, 0.0415425
25, 104, 1289, 0.0712434
25, 168, 993, 0.0563697
25, 80, 813, 0.0542266
25, 128, 547, 0.0403872
25, 102, 912, 0.0571893
25, 88, 957, 0.0574633
25, 114, 797, 0.0507778
25, 70, 766, 0.0502537
25, 104, 326, 0.0345704
25, 110, 680, 0.0492059
25, 186, 2541, 0.105338
25, 76, 372, 0.0396799
26, 134, 1203, 0.0658818
26, 116, 793, 0.0556064
26, 76, 226, 0.0411991
26, 82, 385, 0.0446654
26, 86, 1038, 0.0682832
26, 86, 932, 0.0613789
26, 120, 497, 0.0405107
26, 150, 856, 0.0537999
26, 88, 747, 0.0526375
26, 90, 357, 0.0371373
26, 160, 2118, 0.103981
26, 88, 328, 0.0384287
26, 106, 748, 0.0594249
26, 122, 720, 0.0522633
26, 98, 580, 0.0469947
26, 152, 1104, 0.0644183
26, 116, 377, 0.0441201
26, 150, 1475, 0.0800669
26, 100, 962, 0.0656163
26, 82, 729, 0.056717
26, 106, 682, 0.0556209
26, 84, 773, 0.055841
26, 146, 826, 0.0562376
26, 78, 537, 0.0477916
26, 132, 544, 0.045802
26, 90, 582, 0.0478857
26, 140, 738, 0.0533405
26, 102, 554, 0.0496787
26, 98, 493, 0.044798
26, 126, 853, 0.0608172
26, 110, 924, 0.0633721
26, 128, 480, 0.0416478
26, 108, 1150, 0.0703255
26, 82, 945, 0.062343
26, 84, 1136, 0.0707086
26, 92, 424, 0.0422341
26, 106, 1066, 0.0700514
26, 130, 715, 0.0535802
26, 114, 391, 0.0394138
26, 92, 647, 0.0547271
26, 110, 876, 0.0570892
26, 110, 438, 0.0408934
26, 158, 1473, 0.083259
26, 104, 321, 0.0371114
26, 86, 448, 0.0468964
26, 118, 1337, 0.0731844
26, 184, 859, 0.053883
26, 114, 675, 0.0542478
26, 124, 777, 0.0565987
26, 84, 1046, 0.0671894
26, 74, 285, 0.0388796
26, 152, 683, 0.0501689
26, 196, 1371, 0.0720423
26, 108, 590, 0.0502725
26, 76, 1041, 0.0623837
26, 92, 312, 0.0397576
26, 132, 846, 0.0604645
26, 92, 858, 0.0610697
26, 118, 758, 0.0554846
26, 162, 865, 0.0580009
26, 126, 927, 0.0619982
26, 124, 965, 0.062971
26, 92, 697, 0.054085
26, 88, 866, 0.0585527
26, 114, 510, 0.041149
26, 98, 823, 0.062384
26, 142, 682, 0.0503497
26, 156, 621, 0.0527353
26, 86, 983, 0.0649396
26, 146, 617, 0.0448421
26, 80, 343, 0.03983
26, 92, 1190, 0.075801
26, 116, 486, 0.0449299
26, 96, 525, 0.0484805
26, 128, 1444, 0.0823731
26, 172, 1621, 0.0887188
26, 76, 302, 0.0409797
26, 184, 1559, 0.0761562
26, 212, 1623, 0.0812894
26, 132, 569, 0.0436305
26, 112, 344, 0.0473711
26, 160, 663, 0.046672
26, 100, 1340, 0.0757897
26, 156, 859, 0.0606375
26, 128, 1372, 0.0798541
26, 84, 872, 0.0613785
26, 104, 1026, 0.0628623
26, 74, 646, 0.0513512
26, 126, 540, 0.0450149
26, 90, 1083, 0.0671516
26, 148, 1223, 0.0649673
26, 94, 1132, 0.0682056
26, 102, 986, 0.06882
26, 136, 784, 0.0572138
26, 96, 380, 0.0432404
26, 242, 2187, 0.0979394
26, 82, 761, 0.0547612
26, 168, 698, 0.0504776
26, 128, 591, 0.0443745
26, 92, 1005, 0.0648809
27, 158, 1020, 0.0698139
27, 102, 344, 0.0417522
27, 154, 1551, 0.0897084
27, 170, 794, 0.0571968
27, 122, 751, 0.059892
27, 110, 808, 0.0667589
27, 110, 1195, 0.0766036
27, 114, 1331, 0.0819567
27, 204, 1667, 0.0876692
27, 106, 1921, 0.103865
27, 160, 960, 0.0679584
27, 142, 633, 0.0538892
27, 172, 1186, 0.0700826
27, 162, 1287, 0.0802491
27, 128, 706, 0.0559542
27, 90, 1416, 0.0819796
27, 224, 1755, 0.0870109
27, 156, 1696, 0.106834
27, 220, 2031, 0.102048
27, 180, 991, 0.0630527
27, 98, 1345, 0.0806764
27, 134, 503, 0.0462763
27, 180, 967, 0.0643707
27, 142, 784, 0.060208
27, 114, 1063, 0.0732629
27, 92, 2697, 0.134684
27, 182, 1934, 0.103558
27, 106, 956, 0.0679938
27, 86, 974, 0.0678015
27, 194, 1217, 0.0738127
27, 226, 2765, 0.130326
27, 90, 1082, 0.0708355
27, 94, 862, 0.0649308
27, 104, 608, 0.0542326
27, 114, 972, 0.067359
27, 170, 1042, 0.0651112
27, 104, 930, 0.0693245
27, 144, 1224, 0.0781789
27, 84, 936, 0.0649732
27, 84, 903, 0.0643438
27, 152, 1107, 0.0671871
27, 114, 392, 0.0437729
27, 106, 902, 0.0651686
27, 156, 1098, 0.0656363
27, 146, 772, 0.0570929
27, 148, 945, 0.0710584
27, 88, 1315, 0.0810421
27, 104, 289, 0.0428806
27, 182, 793, 0.055424
27, 114, 463, 0.048485
27, 212, 2354, 0.111981
27, 108, 1208, 0.0758091
27, 114, 762, 0.0590127
27, 218, 3029, 0.132862
27, 124, 1223, 0.0755012
27, 146, 673, 0.0580112
27, 184, 2657, 0.130306
27, 156, 1216, 0.0857954
27, 162, 1501, 0.0883021
27, 132, 703, 0.0533736
27, 202, 2287, 0.111315
27, 236, 6405, 0.250222
27, 160, 899, 0.0582335
27, 98, 1134, 0.0730755
27, 150, 482, 0.0470962
27, 128, 520, 0.0538156
27, 100, 731, 0.0599369
27, 72, 516, 0.0508192
27, 98, 766, 0.0613341
27, 174, 1148, 0.0690918
27, 110, 643, 0.054535
27, 94, 1040, 0.0713961
27, 194, 1233, 0.0691675
27, 244, 2344, 0.11039
27, 136, 577, 0.0497698
27, 142, 729, 0.0556665
27, 108, 1011, 0.0714679
27, 178, 1504, 0.0859673
27, 90, 975, 0.0665797
27, 86, 518, 0.0525252
27, 102, 676, 0.0544322
27, 118, 1220, 0.0759043
27, 184, 1180, 0.0814152
27, 80, 985, 0.0681673
27, 136, 808, 0.0586521
27, 122, 1076, 0.0713186
27, 94, 1128, 0.0749355
27, 100, 709, 0.0575919
27, 164, 1433, 0.0826331
27, 88, 534, 0.0520618
27, 100, 697, 0.0622335
27, 116, 928, 0.0672222
27, 98, 362, 0.0420733
27, 136, 507, 0.0464714
27, 128, 721, 0.053416
27, 100, 602, 0.0562465
27, 94, 1197, 0.0777371
27, 182, 1896, 0.0974726
27, 80, 479, 0.050062
27, 160, 611, 0.0491301
28, 124, 1174, 0.0886066
28, 130, 1270, 0.0844603
28, 104, 782, 0.0748035
28, 128, 951, 0.0757221
28, 150, 880, 0.0673529
28, 118, 371, 0.0451895
28, 194, 1193, 0.0842212
28, 164, 1299, 0.0832876
28, 114, 880, 0.0680794
28, 212, 6476, 0.259346
28, 194, 1317, 0.0816816
28, 94, 870, 0.0677877
28, 178, 931, 0.0666345
28, 116, 957, 0.0744243
28, 100, 337, 0.0425214
28, 116, 1371, 0.0868205
28, 98, 752, 0.0665092
28, 98, 986, 0.0750587
28, 172, 1567, 0.0900413
28, 188, 867, 0.0681112
28, 130, 451, 0.0481013
28, 126, 508, 0.0509527
28, 138, 491, 0.0533815
28, 96, 952, 0.0715794
28, 104, 1278, 0.0834571
28, 96, 1510, 0.0979556
28, 176, 808, 0.0633973
28, 138, 668, 0.0597645
28, 108, 1352, 0.0861193
28, 88, 764, 0.0639913
28, 190, 1023, 0.0715159
28, 148, 915, 0.068369
28, 160, 775, 0.0615913
28, 94, 722, 0.0665212
28, 166, 756, 0.0624711
28, 98, 686, 0.0709533
28, 90, 1240, 0.0845978
28, 104, 1167, 0.0807977
28, 186, 1071, 0.0710924
28, 116, 732, 0.0670343
28, 114, 646, 0.0591697
28, 126, 940, 0.0757597
28, 234, 1809, 0.100279
28, 122, 1086, 0.075764
28, 136, 664, 0.0617411
28, 148, 1050, 0.0783773
28, 86, 958, 0.0722775
28, 118, 1087, 0.0722121
28, 162, 1286, 0.0873455
28, 222, 1681, 0.0882763
28, 102, 712, 0.065022
28, 96, 386, 0.0475632
28, 182, 3012, 0.150167
28, 74, 537, 0.0552098
28, 114, 1217, 0.0835222
28, 112, 725, 0.0651579
28, 168, 681, 0.0569826
28, 148, 1876, 0.125381
28, 92, 900, 0.0717662
28, 220, 9966, 0.408081
28, 188, 1669, 0.0966514
28, 180, 2370, 0.127283
28, 118, 940, 0.0699095
28, 120, 819, 0.0652125
28, 166, 1023, 0.0751703
28, 116, 742, 0.0641764
28, 86, 1211, 0.0833168
28, 168, 889, 0.0666142
28, 228, 1863, 0.119088
28, 230, 1923, 0.108718
28, 80, 794, 0.0646601
28, 96, 559, 0.0612159
28, 336, 5017, 0.229889
28, 100, 986, 0.0780908
28, 176, 1192, 0.0882837
28, 184, 2039, 0.11587
28, 92, 1187, 0.083663
28, 96, 1146, 0.091811
28, 274, 3351, 0.155719
28, 166, 795, 0.061582
28, 152, 1331, 0.0847996
28, 196, 1099, 0.0743203
28, 120, 1388, 0.0973815
28, 144, 1291, 0.0843638
28, 136, 970, 0.0758148
28, 104, 865, 0.0710542
28, 108, 549, 0.0586957
28, 134, 729, 0.0597796
28, 138, 1322, 0.0839343
28, 84, 745, 0.0626513
28, 288, 4622, 0.201038
28, 184, 1195, 0.078695
28, 134, 639, 0.0562195
28, 182, 1124, 0.0804582
28, 98, 594, 0.0631661
28, 114, 1049, 0.0796021
28, 126, 470, 0.0484599
28, 204, 1366, 0.0846777
28, 128, 1524, 0.0948553
28, 220, 1426, 0.0843442
29, 138, 635, 0.057111
29, 180, 1590, 0.104737
29, 186, 1014, 0.0804141
29, 96, 1134, 0.0820756
29, 102, 1725, 0.112871
29, 100, 1600, 0.107836
29, 112, 596, 0.0613677
29, 100, 1455, 0.0984755
29, 150, 661, 0.0619619
29, 188, 2179, 0.132793
29, 218, 1001, 0.0809697
29, 114, 548, 0.0563751
29, 114, 771, 0.0684024
29, 90, 1279, 0.0919133
29, 154, 738, 0.0633568
29, 192, 1142, 0.0851802
29, 168, 661, 0.0753426
29, 98, 1130, 0.0866483
29, 92, 1240, 0.0930761
29, 164, 1876, 0.117972
29, 258, 2340, 0.124201
29, 90, 1531, 0.101931
29, 130, 891, 0.078455
29, 120, 471, 0.0551354
29, 196, 1519, 0.0955958
29, 88, 993, 0.0838676
29, 92, 954, 0.0782001
29, 204, 2222, 0.125354
29, 182, 815, 0.0682013
29, 174, 1005, 0.074014
29, 96, 1284, 0.0940308
29, 302, 2459, 0.123013
29, 244, 1580, 0.0987537
29, 166, 654, 0.0630898
29, 240, 1891, 0.113115
29, 170, 1076, 0.0838881
29, 120, 935, 0.0818757
29, 92, 884, 0.075971
29, 210, 1373, 0.0901325
29, 108, 849, 0.0750549
29, 98, 1266, 0.0897945
29, 124, 1274, 0.0927669
29, 98, 1523, 0.134694
29, 132, 1549, 0.10302
29, 224, 3173, 0.155719
29, 152, 1053, 0.0801304
29, 104, 779, 0.075216
29, 98, 1181, 0.0869551
29, 140, 804, 0.0679141
29, 118, 902, 0.0840461
29, 100, 639, 0.0656341
29, 172, 3115, 0.161484
29, 122, 513, 0.0537948
29, 322, 4188, 0.209955
29, 122, 705, 0.0692912
29, 166, 3278, 0.173971
29, 170, 2247, 0.129911
29, 104, 755, 0.0695626
29, 308, 2775, 0.147977
29, 226, 4204, 0.207413
29, 160, 2075, 0.123546
29, 146, 1181, 0.0855278
29, 164, 786, 0.0676996
29, 116, 1482, 0.0986067
29, 206, 1216, 0.0811107
29, 112, 1948, 0.1272
29, 156, 1063, 0.0835014
29, 168, 907, 0.0680532
29, 146, 1042, 0.0848693
29, 92, 888, 0.0767859
29, 182, 1079, 0.0860388
29, 166, 929, 0.0723429
29, 210, 1452, 0.0920367
29, 146, 603, 0.0647885
29, 216, 1169, 0.0835143
29, 126, 537, 0.0565434
29, 214, 2680, 0.1505
29, 394, 5410, 0.281809
29, 98, 1290, 0.0907336
29, 108, 1059, 0.0820285
29, 128, 741, 0.0655079
29, 114, 731, 0.0640217
29, 126, 673, 0.0620179
29, 128, 554, 0.0568256
29, 88, 724, 0.0730002
29, 128, 1144, 0.0903279
29, 156, 1281, 0.0900304
29, 108, 1293, 0.0955166
29, 90, 1153, 0.0856739
29, 96, 1281, 0.0940978
29, 96, 592, 0.0678592
29, 94, 692, 0.0676584
29, 134, 610, 0.0576837
29, 88, 948, 0.0747125
29, 114, 429, 0.0557278
29, 98, 1307, 0.0994055
29, 140, 1152, 0.0836835
29, 98, 244, 0.0504581
29, 92, 1038, 0.0843389
29, 122, 684, 0.0696027
30, 204, 2255, 0.133491
30, 224, 2303, 0.145033
30, 104, 1022, 0.0846592
30, 144, 1391, 0.099387
30, 236, 5490, 0.266884
30, 130, 453, 0.0571666
30, 162, 1023, 0.0825037
30, 272, 9165, 0.495647
30, 114, 552, 0.0593199
30, 148, 1604, 0.110088
30, 182, 1168, 0.0928972
30, 112, 864, 0.0852794
30, 160, 1602, 0.110989
30, 108, 1398, 0.110772
30, 190, 1056, 0.0836758
30, 92, 1273, 0.0994384
30, 182, 1579, 0.109781
30, 92, 1402, 0.104307
30, 110, 1810, 0.119226
30, 194, 1540, 0.111599
30, 126, 1078, 0.0883052
30, 144, 1418, 0.109438
30, 122, 935, 0.0861177
30, 180, 1939, 0.127767
30, 114, 397, 0.0553068
30, 194, 979, 0.0809933
30, 184, 891, 0.0767486
30, 104, 1882, 0.124585
30, 102, 1416, 0.102191
30, 106, 2282, 0.14608
30, 128, 1303, 0.0985937
30, 232, 1347, 0.0978463
30, 182, 805, 0.0740324
30, 306, 5316, 0.281831
30, 82, 837, 0.0810885
30, 206, 1268, 0.093938
30, 302, 8435, 0.407385
30, 252, 2709, 0.151907
30, 434, 20153, 0.899762
30, 102, 1336, 0.102537
30, 252, 4193, 0.202258
30, 292, 6799, 0.306909
30, 152, 475, 0.0615121
30, 202, 1855, 0.119686
30, 106, 958, 0.0871888
30, 142, 1469, 0.10748
30, 104, 1394, 0.104535
30, 116, 1293, 0.0973598
30, 150, 1093, 0.085629
30, 136, 653, 0.064776
30, 136, 451, 0.0562814
30, 104, 1893, 0.127464
30, 240, 5377, 0.270765
30, 98, 1058, 0.0908807
30, 308, 14881, 0.637137
30, 168, 816, 0.0739186
30, 156, 788, 0.0725905
30, 206, 2348, 0.135894
30, 140, 1415, 0.108947
30, 132, 567, 0.0638201
30, 180, 798, 0.0702307
30, 120, 724, 0.0740861
30, 102, 1381, 0.10099
30, 110, 606, 0.0843547
30, 114, 581, 0.0710236
30, 184, 865, 0.0751807
30, 174, 831, 0.0775117
30, 94, 1024, 0.0867151
30, 184, 1057, 0.0820345
30, 98, 1446, 0.105758
30, 152, 686, 0.066907
30, 120, 1011, 0.0884002
30, 214, 2234, 0.132941
30, 118, 1533, 0.106186
30, 390, 9030, 0.393246
30, 134, 1351, 0.103483
30, 186, 4077, 0.216758
30, 114, 1259, 0.101496
30, 126, 568, 0.0623079
30, 160, 1312, 0.100838
30, 116, 4016, 0.22888
30, 348, 22039, 1.01994
30, 246, 2235, 0.129439
30, 102, 280, 0.0489366
30, 102, 865, 0.0800601
30, 118, 943, 0.0815712
30, 132, 1312, 0.0936042
30, 108, 1101, 0.0953505
30, 104, 926, 0.0855473
30, 164, 1128, 0.0951452
30, 96, 686, 0.073998
30, 102, 1093, 0.0945087
30, 110, 1397, 0.105322
30, 208, 1293, 0.0911077
30, 150, 1302, 0.0970533
30, 182, 1182, 0.0871962
30, 180, 886, 0.0797124
30, 98, 1665, 0.112798
30, 102, 1419, 0.11061
30, 204, 1208, 0.0885434
31, 244, 1643, 0.115469
31, 100, 1749, 0.125505
31, 96, 1078, 0.0930413
31, 152, 1320, 0.112828
31, 108, 1343, 0.118843
31, 184, 1114, 0.0954562
31, 106, 1897, 0.136246
31, 106, 1504, 0.116951
31, 138, 790, 0.0818483
31, 100, 811, 0.0875232
31, 198, 1435, 0.106446
31, 116, 1077, 0.0907266
31, 98, 884, 0.0952475
31, 134, 1330, 0.112595
31, 190, 940, 0.0787818
31, 172, 3077, 0.186756
31, 124, 1303, 0.103875
31, 184, 965, 0.0860222
31, 146, 1915, 0.131225
31, 114, 1827, 0.133599
31, 104, 1785, 0.125811
31, 100, 1251, 0.108178
31, 94, 1202, 0.0965765
31, 284, 8398, 0.446514
31, 106, 1205, 0.100279
31, 180, 1878, 0.13709
31, 152, 2060, 0.139503
31, 100, 1265, 0.103869
31, 108, 1234, 0.106478
31, 136, 853, 0.0926984
31, 122, 1346, 0.110976
31, 150, 871, 0.0757012
31, 158, 1101, 0.0939384
31, 178, 2179, 0.167739
31, 194, 1412, 0.109358
31, 170, 1156, 0.0863308
31, 132, 1427, 0.113132
31, 144, 1386, 0.115939
31, 144, 985, 0.0925706
31, 194, 1483, 0.103894
31, 104, 1429, 0.107506
31, 136, 1062, 0.100177
31, 208, 1900, 0.126164
31, 270, 5980, 0.302651
31, 110, 705, 0.0783059
31, 104, 1794, 0.131645
31, 134, 938, 0.0888941
31, 166, 1049, 0.0904756
31, 226, 2284, 0.145692
31, 124, 1201, 0.109379
31, 192, 2034, 0.132946
31, 102, 1414, 0.110354
31, 202, 1200, 0.0940347
31, 120, 1535, 0.12109
31, 184, 1454, 0.108542
31, 178, 980, 0.0853592
31, 104, 787, 0.0792597
31, 182, 1299, 0.106907
31, 184, 1885, 0.134518
31, 156, 1338, 0.108373
31, 100, 1416, 0.10661
31, 166, 934, 0.0845311
31, 314, 3944, 0.224008
31, 106, 1286, 0.102503
31, 140, 743, 0.0734547
31, 106, 1317, 0.106423
31, 98, 1511, 0.114168
31, 132, 838, 0.0800248
31, 174, 983, 0.104396
31, 236, 6857, 0.353285
31, 122, 1553, 0.115627
31, 220, 2255, 0.13566
31, 130, 1272, 0.107266
31, 146, 545, 0.0662264
31, 144, 1275, 0.10736
31, 330, 5017, 0.257475
31, 138, 2705, 0.161585
31, 112, 1145, 0.0991744
31, 176, 1616, 0.124869
31, 354, 13765, 0.632398
31, 102, 1094, 0.0966985
31, 196, 1058, 0.090214
31, 290, 3034, 0.163325
31, 160, 906, 0.0819461
31, 136, 1014, 0.0952305
31, 100, 1149, 0.097914
31, 186, 2075, 0.144469
31, 112, 822, 0.0849395
31, 194, 1250, 0.0979551
31, 140, 625, 0.0653896
31, 100, 1575, 0.115423
31, 166, 1218, 0.10104
31, 238, 5496, 0.301123
31, 132, 1207, 0.0967494
31, 120, 986, 0.0897736
31, 398, 40713, 1.84411
31, 280, 2480, 0.144756
31, 116, 1482, 0.114415
31, 154, 1481, 0.108527
31, 96, 1508, 0.109605
32, 148, 1091, 0.112149
32, 140, 1437, 0.116717
32, 120, 984, 0.103047
32, 158, 1229, 0.127291
32, 162, 1680, 0.130436
32, 132, 975, 0.100262
32, 186, 1288, 0.103202
32, 132, 528, 0.0730166
32, 174, 1246, 0.102569
32, 112, 2577, 0.186376
32, 128, 1295, 0.110612
32, 202, 2359, 0.17154
32, 240, 4241, 0.246038
32, 216, 2301, 0.148179
32, 112, 1828, 0.153689
32, 154, 1418, 0.118675
32, 176, 2354, 0.158567
32, 176, 2411, 0.176108
32, 204, 2820, 0.188926
32, 186, 1263, 0.113127
32, 228, 2450, 0.163765
32, 240, 5318, 0.307998
32, 272, 2671, 0.173078
32, 128, 750, 0.0819737
32, 112, 1810, 0.138773
32, 108, 1364, 0.115875
32, 296, 2942, 0.176631
32, 116, 1540, 0.121933
32, 162, 943, 0.0948636
32, 210, 2576, 0.170653
32, 92, 1912, 0.13817
32, 106, 1301, 0.116725
32, 232, 1729, 0.125856
32, 324, 8397, 0.432612
32, 214, 1259, 0.104135
32, 192, 1274, 0.105713
32, 114, 1550, 0.123218
32, 92, 638, 0.0762122
32, 162, 1701, 0.140673
32, 108, 1436, 0.122778
32, 312, 4116, 0.245261
32, 138, 1107, 0.105951
32, 120, 1191, 0.108288
32, 210, 1472, 0.126942
32, 188, 3779, 0.242928
32, 152, 1271, 0.115011
32, 146, 572, 0.073105
32, 110, 1729, 0.133966
32, 294, 2753, 0.194075
np.nan, np.nan, np.nan, np.nan
32, 92, 969, 0.0909748
32, 236, 1808, 0.126905
32, 144, 885, 0.0888607
32, 176, 796, 0.0830556
32, 172, 891, 0.0917068
32, 100, 1326, 0.119279
32, 124, 580, 0.0730943
32, 254, 3141, 0.183391
32, 196, 1823, 0.131627
32, 174, 1962, 0.151148
32, 108, 1660, 0.130711
32, 232, 2180, 0.137679
32, 100, 1281, 0.115129
32, 152, 859, 0.0846653
32, 114, 1811, 0.144434
32, 102, 1318, 0.112236
32, 100, 1451, 0.12728
32, 178, 1336, 0.108548
32, 118, 1128, 0.103527
32, 140, 1279, 0.105751
32, 96, 1186, 0.102643
32, 114, 2331, 0.161444
32, 106, 2111, 0.150779
32, 180, 941, 0.0877222
32, 104, 1385, 0.120447
32, 112, 1795, 0.140593
32, 90, 899, 0.0932546
32, 198, 2463, 0.167648
32, 118, 2197, 0.16854
32, 216, 1806, 0.135257
32, 158, 1391, 0.122092
32, 254, 9698, 0.510615
32, 94, 898, 0.0948848
32, 134, 1053, 0.101802
32, 222, 1442, 0.114796
32, 274, 6242, 0.351078
32, 102, 1267, 0.126723
32, 338, 5920, 0.321017
32, 104, 1798, 0.135883
32, 190, 1063, 0.0918615
32, 106, 1631, 0.13375
32, 112, 2102, 0.14857
32, 116, 794, 0.0887516
32, 182, 899, 0.0837644
32, 178, 1232, 0.109304
32, 246, 3591, 0.227078
32, 192, 1243, 0.105801
32, 332, 4313, 0.242557
32, 154, 1791, 0.136064
32, 110, 1910, 0.141271
33, 174, 4778, 0.285639
33, 170, 802, 0.0991609
33, 304, 5921, 0.360825
33, 158, 1849, 0.136428
33, 236, 1836, 0.147448
33, 142, 1593, 0.132889
33, 128, 1491, 0.131437
33, 254, 3474, 0.225551
33, 146, 754, 0.0860296
33, 176, 3460, 0.232306
33, 174, 1546, 0.137306
33, 122, 1665, 0.136802
33, 274, 6367, 0.369332
33, 122, 935, 0.104743
33, 198, 1086, 0.1054
33, 152, 1888, 0.152292
33, 326, 3228, 0.234379
33, 116, 1755, 0.146951
33, 162, 788, 0.0821838
33, 188, 947, 0.0945305
33, 118, 1936, 0.150072
33, 114, 1981, 0.155168
33, 190, 2410, 0.180486
33, 206, 1330, 0.112153
33, 104, 1976, 0.151265
33, 170, 1021, 0.104139
33, 140, 1236, 0.111264
33, 148, 624, 0.0900261
33, 128, 851, 0.101315
33, 126, 2786, 0.188467
33, 222, 3240, 0.211
33, 380, 13727, 0.715009
33, 140, 1370, 0.124398
33, 234, 2933, 0.196577
33, 176, 1365, 0.124022
33, 246, 2187, 0.162658
33, 120, 1373, 0.126935
33, 98, 1011, 0.10556
33, 220, 1939, 0.157363
33, 116, 1697, 0.142111
33, 162, 1715, 0.141263
33, 146, 2095, 0.163352
33, 130, 958, 0.0984843
33, 110, 1710, 0.140895
33, 200, 927, 0.0928975
33, 306, 3840, 0.231154
33, 182, 1749, 0.140133
33, 116, 2048, 0.157841
33, 162, 780, 0.0803468
33, 128, 2569, 0.200801
33, 160, 1182, 0.112646
33, 244, 1702, 0.135096
33, 170, 956, 0.0984396
33, 124, 2464, 0.173887
33, 254, 2568, 0.173054
33, 150, 1937, 0.153359
33, 284, 3473, 0.249806
33, 124, 841, 0.0990334
33, 206, 2517, 0.174096
33, 136, 1906, 0.150065
33, 110, 1370, 0.123183
33, 202, 1015, 0.097289
33, 326, 4555, 0.269745
33, 158, 1777, 0.148307
33, 126, 2028, 0.158317
33, 102, 1459, 0.122993
33, 130, 1821, 0.147851
33, 258, 2295, 0.150125
33, 180, 854, 0.0913939
33, 124, 2060, 0.1589
33, 236, 1984, 0.150956
33, 148, 769, 0.0912556
33, 212, 1549, 0.129806
33, 124, 507, 0.0726725
33, 102, 905, 0.101384
33, 212, 1478, 0.127069
33, 200, 1219, 0.107115
33, 194, 2286, 0.177927
33, 240, 1749, 0.13099
33, 126, 1699, 0.140043
33, 102, 1183, 0.112976
33, 160, 1677, 0.137531
33, 152, 1029, 0.0998052
33, 122, 2347, 0.205606
33, 112, 1980, 0.147386
33, 224, 2010, 0.149979
33, 330, 6044, 0.345785
33, 298, 4280, 0.26326
33, 114, 1922, 0.153919
33, 194, 1120, 0.104929
33, 106, 1880, 0.146093
33, 124, 2111, 0.161446
33, 198, 3261, 0.225333
33, 110, 1217, 0.112897
33, 184, 1950, 0.151149
33, 186, 2607, 0.185927
33, 120, 1063, 0.110882
33, 174, 1866, 0.154345
33, 128, 763, 0.0872363
33, 164, 2025, 0.161876
34, 136, 1981, 0.162998
34, 114, 1779, 0.155973
34, 134, 1346, 0.129674
34, 318, 4951, 0.2986
34, 112, 1068, 0.119106
34, 172, 1092, 0.107353
34, 162, 1414, 0.134545
34, 160, 1594, 0.139167
34, 104, 2136, 0.166258
34, 138, 1145, 0.118958
34, 264, 4925, 0.310674
34, 264, 3259, 0.237708
34, 230, 1456, 0.122106
34, 440, 8826, 0.506158
34, 226, 1299, 0.118429
34, 108, 1375, 0.132353
34, 346, 3625, 0.231348
34, 196, 9135, 0.526158
34, 238, 3394, 0.237156
34, 228, 6411, 0.415198
34, 120, 1884, 0.153338
34, 156, 1157, 0.123313
34, 184, 1176, 0.125058
34, 220, 6655, 0.405298
34, 220, 2037, 0.154142
34, 286, 2847, 0.19588
34, 174, 1137, 0.119614
34, 212, 1088, 0.119255
34, 112, 1839, 0.156729
34, 120, 2246, 0.178773
34, 316, 8051, 0.471565
34, 110, 1311, 0.125719
34, 222, 1864, 0.152087
34, 100, 1494, 0.1319
34, 206, 1754, 0.146523
34, 158, 1917, 0.156298
34, 266, 1999, 0.156528
34, 116, 1694, 0.147227
34, 218, 5731, 0.365297
34, 208, 6807, 0.415744
34, 122, 2831, 0.212213
34, 112, 877, 0.102863
34, 272, 2266, 0.170671
34, 132, 1859, 0.169359
34, 212, 1640, 0.158332
34, 256, 3980, 0.261595
34, 260, 2220, 0.174799
34, 320, 12956, 0.742454
34, 120, 1646, 0.149296
34, 114, 2284, 0.181114
34, 120, 2013, 0.170601
34, 168, 715, 0.0977538
34, 126, 1553, 0.145716
34, 232, 1487, 0.143467
34, 138, 1119, 0.11806
34, 100, 945, 0.106985
34, 276, 2720, 0.190372
34, 152, 712, 0.0857456
34, 198, 3774, 0.252033
34, 232, 3332, 0.236197
34, 254, 4966, 0.31609
34, 120, 2250, 0.176734
34, 182, 1535, 0.142636
34, 124, 1936, 0.158939
34, 174, 978, 0.103794
34, 106, 1620, 0.146554
34, 164, 1128, 0.109622
34, 116, 1915, 0.160796
34, 184, 1187, 0.112508
34, 124, 1925, 0.15994
34, 126, 1389, 0.137168
34, 110, 973, 0.105085
34, 206, 3312, 0.238735
34, 140, 635, 0.0861032
34, 172, 1033, 0.116868
34, 166, 871, 0.110644
34, 304, 3188, 0.210392
34, 134, 1549, 0.13687
34, 224, 1433, 0.12967
34, 176, 1310, 0.132746
34, 238, 1924, 0.147131
34, 256, 3732, 0.25591
34, 112, 1230, 0.123975
34, 112, 1417, 0.140419
34, 154, 1303, 0.132315
34, 124, 1447, 0.166143
34, 188, 858, 0.0958482
34, 204, 4044, 0.26548
34, 184, 1640, 0.14315
34, 178, 896, 0.101199
34, 298, 6876, 0.404928
34, 112, 1768, 0.155626
34, 158, 1731, 0.155046
34, 184, 1091, 0.105401
34, 108, 1808, 0.15815
34, 136, 1049, 0.114755
34, 114, 476, 0.0739328
34, 136, 632, 0.0831238
34, 128, 2322, 0.182646
34, 154, 977, 0.0994051
